0 5
0 1142
0 64
0 1143
0 568
1 600
1 293
1 570
1 283
1 292
2 1222
2 1523
2 1318
2 593
2 23
3 1524
3 1506
3 278
3 286
3 1221
4 362
4 1616
4 881
4 340
4 605
5 67
5 1143
5 21
5 1501
5 568
6 1161
6 1160
6 1574
6 1142
6 1534
7 839
7 1526
7 745
7 337
7 1558
8 1198
8 1299
8 1302
8 1542
8 569
9 287
9 49
9 649
9 288
9 327
10 623
10 300
10 584
10 298
10 287
11 337
11 1496
11 1500
11 870
11 74
12 1194
12 1519
12 1522
12 1614
12 349
13 389
13 1037
13 1315
13 1230
13 23
14 1527
14 487
14 60
14 1054
14 633
15 608
15 344
15 183
15 348
15 84
16 396
16 484
16 614
16 70
16 28
17 109
17 419
17 488
17 194
17 252
18 296
18 298
18 53
18 602
18 582
19 300
19 154
19 578
19 579
19 330
20 633
20 1299
20 281
20 569
20 346
21 7
21 568
21 1501
21 5
21 842
22 315
22 39
22 633
22 308
22 627
23 571
23 90
23 389
23 13
23 2
24 594
24 419
24 390
24 652
24 662
25 692
25 1308
25 622
25 573
25 322
26 579
26 342
26 287
26 283
26 578
27 1704
27 9
27 288
27 598
27 686
28 320
28 614
28 648
28 16
28 70
29 300
29 37
29 643
29 319
29 623
30 306
30 36
30 132
30 103
30 639
31 287
31 292
31 283
31 586
31 578
32 967
32 670
32 416
32 1052
32 939
33 574
33 343
33 48
33 607
33 465
34 574
34 568
34 67
34 607
34 665
35 9
35 288
35 287
35 321
35 630
36 30
36 344
36 328
36 103
36 631
37 103
37 29
37 344
37 602
37 84
38 1220
38 1306
38 866
38 966
38 1312
39 228
39 650
39 44
39 22
39 315
40 487
40 314
40 678
40 60
40 633
41 658
41 62
41 579
41 600
41 429
42 23
42 571
42 4
42 340
42 1616
43 597
43 610
43 294
43 1308
43 72
44 599
44 308
44 39
44 650
44 315
45 895
45 1580
45 826
45 1269
45 343
46 673
46 1693
46 1817
46 1845
46 1775
47 132
47 30
47 103
47 447
47 299
48 59
48 465
48 267
48 76
48 706
49 61
49 98
49 649
49 327
49 630
50 1710
50 1670
50 166
50 1239
50 1684
51 392
51 632
51 691
51 465
51 442
52 1559
52 80
52 306
52 604
52 54
53 49
53 36
53 61
53 328
53 686
54 304
54 80
54 306
54 52
54 604
55 413
55 1298
55 449
55 173
55 212
56 637
56 353
56 596
56 87
56 66
57 622
57 354
57 119
57 326
57 307
58 293
58 583
58 570
58 134
58 62
59 626
59 698
59 392
59 1009
59 48
60 762
60 93
60 314
60 487
60 40
61 643
61 98
61 49
61 328
61 53
62 152
62 613
62 154
62 293
62 58
63 1289
63 597
63 610
63 72
63 294
64 74
64 568
64 256
64 356
64 1357
65 574
65 398
65 1498
65 1246
65 1500
66 598
66 126
66 87
66 297
66 637
67 360
67 336
67 1371
67 685
67 34
68 446
68 72
68 597
68 202
68 610
69 613
69 420
69 810
69 496
69 58
70 16
70 269
70 112
70 648
70 28
71 22
71 93
71 308
71 445
71 314
72 63
72 294
72 610
72 597
72 43
73 629
73 267
73 363
73 48
73 606
74 124
74 826
74 398
74 337
74 11
75 183
75 631
75 103
75 36
75 640
76 442
76 465
76 619
76 449
76 48
77 29
77 582
77 61
77 300
77 643
78 206
78 252
78 17
78 125
78 194
79 1646
79 74
79 1548
79 105
79 1867
80 604
80 103
80 30
80 306
80 132
81 98
81 87
81 637
81 348
81 357
82 2
82 23
82 431
82 690
82 688
83 1520
83 1175
83 1572
83 1265
83 1381
84 183
84 447
84 344
84 15
84 37
85 396
85 372
85 28
85 320
85 317
86 126
86 640
86 348
86 1704
86 15
87 347
87 357
87 596
87 353
87 637
88 358
88 607
88 805
88 698
88 256
89 292
89 316
89 283
89 586
89 305
90 571
90 340
90 23
90 389
90 362
91 622
91 378
91 455
91 597
91 692
92 222
92 685
92 380
92 398
92 325
93 762
93 553
93 71
93 60
93 314
94 638
94 347
94 49
94 658
94 694
95 2
95 399
95 1402
95 1745
95 362
96 7
96 337
96 33
96 117
96 569
97 583
97 154
97 134
97 58
97 193
98 623
98 608
98 49
98 53
98 61
99 1288
99 307
99 1807
99 119
99 1354
100 198
100 51
100 398
100 453
100 745
101 737
101 692
101 573
101 322
101 622
102 363
102 772
102 619
102 51
102 450
103 582
103 30
103 299
103 36
103 604
104 443
104 789
104 462
104 664
104 754
105 1691
105 422
105 1269
105 1515
105 1867
106 1489
106 1103
106 563
106 236
106 369
107 76
107 635
107 714
107 343
107 33
108 1746
108 1357
108 980
108 401
108 1078
109 1805
109 652
109 17
109 419
109 24
110 1217
110 1203
110 611
110 1279
110 588
111 792
111 123
111 789
111 1281
111 1073
112 674
112 396
112 614
112 648
112 70
113 748
113 465
113 669
113 619
113 48
114 434
114 186
114 482
114 324
114 181
115 548
115 754
115 159
115 1281
115 364
116 363
116 709
116 451
116 392
116 391
117 442
117 48
117 198
117 76
117 7
118 11
118 51
118 96
118 337
118 117
119 24
119 57
119 109
119 326
119 307
120 487
120 314
120 650
120 60
120 384
121 13
121 23
121 431
121 2
121 389
122 396
122 614
122 28
122 16
122 514
123 548
123 789
123 1073
123 754
123 418
124 442
124 349
124 691
124 74
124 449
125 194
125 78
125 252
125 443
125 493
126 608
126 637
126 86
126 1148
126 851
127 392
127 1501
127 433
127 709
127 619
128 449
128 619
128 442
128 691
128 1112
129 632
129 980
129 1657
129 1753
129 325
130 48
130 391
130 732
130 628
130 96
131 469
131 108
131 170
131 433
131 1357
132 1376
132 639
132 103
132 30
132 47
133 93
133 763
133 720
133 384
133 314
134 600
134 292
134 583
134 58
134 570
135 538
135 744
135 1808
135 1831
135 397
136 800
136 372
136 648
136 217
136 761
137 88
137 363
137 356
137 318
137 256
138 1550
138 1504
138 110
138 1562
138 177
139 62
139 420
139 152
139 742
139 613
140 449
140 88
140 706
140 48
140 398
141 1371
141 685
141 745
141 48
141 413
142 759
142 1357
142 714
142 665
142 607
143 314
143 93
143 553
143 346
143 133
144 683
144 434
144 737
144 114
144 186
145 1831
145 525
145 744
145 538
145 1176
146 1853
146 180
146 1811
146 1251
146 1711
147 1368
147 530
147 779
147 1691
147 167
148 360
148 641
148 435
148 685
148 450
149 1021
149 432
149 301
149 1335
149 512
150 293
150 600
150 586
150 152
150 613
151 320
151 648
151 112
151 458
151 70
152 94
152 62
152 139
152 613
152 420
153 1368
153 1355
153 1295
153 1433
153 1060
154 630
154 283
154 586
154 570
154 293
155 1203
155 1211
155 1473
155 1514
155 411
156 371
156 294
156 476
156 434
156 408
157 149
157 1865
157 1118
157 1409
157 719
158 640
158 412
158 811
158 776
158 547
159 364
159 375
159 1124
159 1281
159 1723
160 121
160 717
160 1479
160 2
160 23
161 1443
161 646
161 1041
161 767
161 333
162 1078
162 469
162 64
162 131
162 1357
163 48
163 34
163 665
163 465
163 398
164 733
164 613
164 305
164 214
164 429
165 90
165 389
165 362
165 23
165 571
166 1710
166 50
166 587
166 1085
166 1052
167 1368
167 1269
167 301
167 1277
167 149
168 1295
168 448
168 773
168 1394
168 394
169 629
169 358
169 698
169 102
169 451
170 398
170 606
170 719
170 714
170 88
171 320
171 674
171 352
171 317
171 315
172 1460
172 384
172 650
172 317
172 133
173 644
173 48
173 522
173 55
173 212
174 764
174 305
174 801
174 429
174 806
175 630
175 359
175 357
175 649
175 348
176 1705
176 773
176 651
176 432
176 512
177 559
177 1562
177 588
177 110
177 138
178 483
178 48
178 719
178 432
178 574
179 468
179 719
179 45
179 682
179 1834
180 1737
180 1790
180 511
180 1409
180 149
181 186
181 114
181 434
181 609
181 232
182 757
182 268
182 412
182 640
182 184
183 84
183 799
183 547
183 640
183 15
184 716
184 776
184 265
184 200
184 799
185 1845
185 1117
185 436
185 1080
185 1771
186 181
186 434
186 114
186 144
186 683
187 307
187 186
187 354
187 622
187 207
188 523
188 166
188 1052
188 416
188 516
189 632
189 642
189 76
189 51
189 980
190 320
190 674
190 112
190 136
190 424
191 335
191 495
191 348
191 347
191 701
192 559
192 776
192 184
192 556
192 265
193 583
193 154
193 58
193 570
193 293
194 1797
194 252
194 488
194 17
194 419
195 1836
195 768
195 48
195 1493
195 685
196 826
196 1021
196 1834
196 432
196 463
197 370
197 632
197 684
197 124
197 719
198 465
198 1047
198 794
198 745
198 398
199 742
199 733
199 721
199 788
199 420
200 265
200 776
200 811
200 412
200 184
201 613
201 658
201 94
201 164
201 347
202 234
202 692
202 524
202 68
202 274
203 324
203 371
203 476
203 156
203 114
204 1688
204 431
204 216
204 219
204 1196
205 178
205 549
205 432
205 518
205 512
206 17
206 488
206 736
206 194
206 770
207 25
207 307
207 622
207 692
207 354
208 530
208 684
208 635
208 398
208 76
209 559
209 271
209 776
209 257
209 555
210 673
210 530
210 1112
210 684
210 1853
211 416
211 166
211 523
211 1083
211 1176
212 768
212 442
212 51
212 632
212 449
213 568
213 574
213 385
213 498
213 363
214 393
214 658
214 164
214 613
214 248
215 432
215 512
215 773
215 149
215 472
216 160
216 690
216 204
216 1642
216 1571
217 136
217 372
217 800
217 648
217 761
218 310
218 1071
218 392
218 1357
218 957
219 489
219 519
219 204
219 216
219 717
220 806
220 788
220 757
220 557
220 555
221 24
221 594
221 1764
221 783
221 545
222 48
222 738
222 116
222 92
222 392
223 665
223 398
223 7
223 625
223 749
224 693
224 160
224 717
224 593
224 135
225 744
225 775
225 135
225 397
225 531
226 27
226 86
226 66
226 263
226 126
227 967
227 474
227 1710
227 416
227 405
228 60
228 650
228 314
228 309
228 633
229 133
229 93
229 314
229 60
229 528
230 1478
230 426
230 1878
230 735
230 13
231 31
231 305
231 214
231 89
231 586
232 114
232 1289
232 186
232 683
232 181
233 715
233 17
233 1727
233 252
233 493
234 524
234 322
234 202
234 274
234 207
235 255
235 175
235 701
235 444
235 547
236 563
236 1489
236 390
236 1469
236 369
237 658
237 630
237 49
237 175
237 357
238 444
238 209
238 818
238 271
238 555
239 1733
239 1756
239 242
239 1705
239 472
240 93
240 424
240 674
240 384
240 133
241 155
241 1176
241 1363
241 1796
241 1562
242 512
242 1733
242 1801
242 239
242 396
243 701
243 335
243 509
243 164
243 733
244 1831
244 775
244 438
244 135
244 525
245 717
245 1473
245 399
245 1487
245 426
246 1778
246 295
246 79
246 1357
246 682
247 682
247 208
247 74
247 569
247 337
248 174
248 613
248 393
248 586
248 214
249 816
249 164
249 496
249 802
249 420
250 294
250 72
250 597
250 408
250 156
251 480
251 619
251 1128
251 76
251 1120
252 233
252 109
252 125
252 194
252 17
253 225
253 502
253 1486
253 775
253 546
254 818
254 238
254 561
254 444
254 560
255 728
255 348
255 235
255 191
255 701
256 178
256 574
256 805
256 88
256 635
257 562
257 209
257 259
257 273
257 547
258 714
258 358
258 442
258 574
258 607
259 526
259 412
259 776
259 257
259 273
260 444
260 716
260 182
260 495
260 747
261 1148
261 265
261 348
261 36
261 75
262 1484
262 787
262 1408
262 1122
262 1139
263 27
263 86
263 560
263 444
263 226
264 1466
264 797
264 817
264 1439
264 676
265 348
265 273
265 799
265 184
265 15
266 53
266 734
266 806
266 287
266 174
267 659
267 635
267 343
267 826
267 48
268 799
268 640
268 556
268 182
268 776
269 674
269 112
269 320
269 70
269 16
270 600
270 801
270 782
270 174
270 429
271 444
271 555
271 209
271 238
271 818
272 238
272 509
272 560
272 555
272 444
273 559
273 818
273 259
273 257
273 265
274 207
274 68
274 234
274 524
274 202
275 1754
275 1804
275 1795
275 1714
275 1732
276 640
276 799
276 183
276 86
276 15
277 1201
277 1348
277 841
277 842
277 1582
278 1555
278 3
278 1524
278 1221
278 286
279 1258
279 1045
279 903
279 1167
279 1195
280 1576
280 1675
280 1572
280 959
280 1175
281 346
281 309
281 313
281 314
281 678
282 1233
282 890
282 1607
282 301
282 827
283 289
283 1763
283 570
283 292
283 586
284 21
284 1501
284 67
284 568
284 5
285 979
285 913
285 1700
285 1234
285 845
286 1555
286 3
286 1221
286 278
286 1524
287 321
287 35
287 630
287 9
287 578
288 598
288 327
288 851
288 9
288 649
289 327
289 283
289 9
289 586
289 303
290 1577
290 897
290 83
290 280
290 285
291 1651
291 338
291 1295
291 1317
291 1355
292 1
292 570
292 586
292 1763
292 283
293 58
293 283
293 154
293 586
293 570
294 434
294 610
294 408
294 63
294 43
295 1541
295 338
295 544
295 1586
295 1415
296 602
296 582
296 298
296 300
296 18
297 694
297 598
297 87
297 637
297 66
298 296
298 582
298 10
298 300
298 18
299 604
299 103
299 36
299 47
299 447
300 643
300 319
300 328
300 582
300 10
301 282
301 1260
301 852
301 1515
301 1213
302 19
302 630
302 288
302 335
302 581
303 1364
303 327
303 1763
303 289
303 292
304 299
304 54
304 52
304 103
304 604
305 1249
305 154
305 89
305 174
305 429
306 103
306 80
306 604
306 30
306 52
307 207
307 354
307 119
307 326
307 57
308 445
308 22
308 627
308 71
308 320
309 650
309 228
309 40
309 281
309 314
310 170
310 706
310 449
310 48
310 76
311 1435
311 478
311 1412
311 1288
311 668
312 630
312 851
312 825
312 305
312 35
313 576
313 346
313 133
313 678
313 281
314 650
314 720
314 60
314 40
314 133
315 44
315 70
315 674
315 28
315 16
316 89
316 283
316 578
316 579
316 292
317 396
317 28
317 85
317 372
317 320
318 772
318 698
318 1298
318 980
318 641
319 299
319 29
319 1148
319 300
319 623
320 70
320 372
320 28
320 317
320 396
321 283
321 287
321 586
321 35
321 630
322 622
322 597
322 25
322 345
322 573
323 686
323 288
323 825
323 598
323 27
324 499
324 114
324 482
324 609
324 434
325 413
325 92
325 129
325 745
325 632
326 207
326 119
326 57
326 307
326 354
327 649
327 851
327 630
327 9
327 49
328 639
328 53
328 36
328 61
328 643
329 1116
329 1335
329 659
329 1570
329 394
330 287
330 316
330 623
330 335
330 19
331 609
331 683
331 114
331 324
331 434
332 488
332 119
332 1422
332 736
332 109
333 1443
333 161
333 646
333 767
333 1041
334 786
334 318
334 401
334 88
334 632
335 302
335 19
335 347
335 638
335 630
336 380
336 685
336 719
336 67
336 385
337 51
337 398
337 7
337 74
337 11
338 1547
338 1607
338 934
338 1296
338 1617
339 1161
339 878
339 67
339 685
339 714
340 42
340 389
340 362
340 4
340 23
341 1246
341 1498
341 1864
341 615
341 826
342 19
342 586
342 26
342 154
342 578
343 267
343 1269
343 659
343 714
343 45
344 643
344 582
344 15
344 328
344 36
345 622
345 322
345 597
345 610
345 573
346 93
346 314
346 281
346 627
346 20
347 191
347 94
347 495
347 348
347 335
348 657
348 61
348 175
348 15
348 357
349 691
349 198
349 124
349 398
349 745
350 461
350 719
350 45
350 454
350 1778
351 1409
351 1864
351 1836
351 368
351 1790
352 346
352 71
352 308
352 315
352 171
353 596
353 288
353 637
353 851
353 87
354 326
354 25
354 207
354 622
354 307
355 1723
355 1655
355 477
355 418
355 769
356 606
356 363
356 64
356 48
356 1357
357 15
357 630
357 237
357 175
357 348
358 88
358 745
358 682
358 574
358 398
359 348
359 61
359 49
359 175
359 657
360 685
360 398
360 34
360 67
360 607
361 1620
361 1125
361 1675
361 1426
361 1284
362 571
362 23
362 90
362 340
362 389
363 719
363 750
363 551
363 401
363 467
364 1800
364 1127
364 1281
364 1723
364 159
365 651
365 196
365 773
365 826
365 432
366 133
366 763
366 423
366 314
366 762
367 719
367 772
367 48
367 641
367 738
368 451
368 743
368 329
368 669
368 351
369 652
369 594
369 662
369 236
369 390
370 758
370 325
370 129
370 632
370 714
371 186
371 597
371 156
371 378
371 203
372 28
372 217
372 800
372 396
372 648
373 124
373 11
373 714
373 468
373 74
374 599
374 352
374 308
374 44
374 22
375 1655
375 1124
375 159
375 1378
375 1723
376 733
376 586
376 578
376 31
376 393
377 88
377 124
377 632
377 745
377 758
378 476
378 455
378 91
378 692
378 597
379 1018
379 422
379 826
379 981
379 1269
380 385
380 685
380 92
380 748
380 718
381 1318
381 593
381 611
381 690
381 2
382 355
382 754
382 123
382 418
382 789
383 102
383 59
383 685
383 691
383 67
384 667
384 720
384 650
384 314
384 133
385 67
385 718
385 336
385 685
385 380
386 84
386 15
386 547
386 640
386 75
387 523
387 211
387 166
387 50
387 188
388 40
388 553
388 633
388 22
388 60
389 340
389 1230
389 13
389 362
389 23
390 419
390 624
390 662
390 652
390 24
391 1047
391 451
391 157
391 178
391 48
392 48
392 709
392 980
392 51
392 685
393 721
393 289
393 292
393 154
393 586
394 780
394 1811
394 168
394 329
394 1368
395 1682
395 899
395 1256
395 610
395 1289
396 112
396 28
396 372
396 648
396 320
397 744
397 225
397 605
397 135
397 539
398 714
398 74
398 745
398 465
398 198
399 1812
399 729
399 2
399 160
399 489
400 1308
400 1418
400 1388
400 186
400 1856
401 1078
401 1143
401 467
401 1371
401 980
402 651
402 432
402 178
402 543
402 719
403 276
403 640
403 183
403 15
403 441
404 1684
404 1360
404 1710
404 1038
404 504
405 227
405 1272
405 670
405 416
405 474
406 154
406 733
406 393
406 26
406 578
407 632
407 392
407 76
407 48
407 449
408 395
408 597
408 156
408 294
408 610
409 606
409 483
409 461
409 1042
409 391
410 343
410 1864
410 1834
410 779
410 351
411 1230
411 1595
411 1514
411 912
411 690
412 158
412 547
412 200
412 184
412 776
413 1371
413 745
413 48
413 685
413 719
414 431
414 605
414 42
414 121
414 688
415 311
415 1828
415 400
415 668
415 820
416 474
416 227
416 504
416 670
416 405
417 259
417 184
417 158
417 412
417 776
418 548
418 382
418 1073
418 789
418 123
419 624
419 24
419 662
419 652
419 390
420 139
420 496
420 152
420 613
420 249
421 240
421 777
421 133
421 171
421 1317
422 1274
422 1269
422 852
422 301
422 1515
423 22
423 314
423 39
423 133
423 762
424 70
424 269
424 761
424 112
424 648
425 461
425 33
425 669
425 48
425 543
426 160
426 717
426 516
426 245
426 519
427 784
427 305
427 1249
427 429
427 174
428 758
428 660
428 1371
428 51
428 632
429 731
429 801
429 1249
429 174
429 305
430 1230
430 1487
430 525
430 1176
430 612
431 688
431 160
431 23
431 82
431 121
432 1733
432 512
432 149
432 1705
432 301
433 67
433 479
433 48
433 131
433 336
434 181
434 186
434 156
434 609
434 324
435 718
435 450
435 685
435 380
435 148
436 812
436 593
436 921
436 216
436 185
437 685
437 51
437 48
437 11
437 642
438 414
438 389
438 1812
438 1230
438 13
439 449
439 404
439 48
439 387
439 518
440 1172
440 856
440 1398
440 1840
440 1673
441 86
441 623
441 640
441 403
441 15
442 212
442 702
442 51
442 449
442 691
443 419
443 624
443 390
443 1727
443 493
444 555
444 235
444 728
444 818
444 560
445 627
445 346
445 674
445 71
445 308
446 695
446 43
446 1353
446 72
446 68
447 299
447 36
447 640
447 103
447 47
448 673
448 149
448 512
448 168
448 809
449 619
449 442
449 212
449 465
449 76
450 719
450 102
450 644
450 148
450 435
451 392
451 483
451 439
451 48
451 391
452 1518
452 74
452 569
452 635
452 11
453 1500
453 398
453 100
453 665
453 11
454 198
454 714
454 343
454 590
454 45
455 91
455 610
455 43
455 597
455 294
456 74
456 714
456 48
456 45
456 343
457 191
457 509
457 154
457 733
457 335
458 372
458 28
458 396
458 614
458 648
459 68
459 378
459 1126
459 91
459 692
460 1146
460 1409
460 1394
460 149
460 1335
461 45
461 1269
461 48
461 1569
461 343
462 1026
462 355
462 754
462 1127
462 789
463 826
463 149
463 432
463 422
463 196
464 735
464 1831
464 605
464 23
464 688
465 449
465 76
465 51
465 48
465 398
466 128
466 1130
466 1737
466 449
466 1753
467 1371
467 698
467 363
467 772
467 401
468 864
468 198
468 454
468 714
468 373
469 380
469 213
469 665
469 131
469 619
470 570
470 58
470 771
470 134
470 654
471 398
471 198
471 1076
471 1047
471 794
472 1733
472 1705
472 239
472 1756
472 215
473 1706
473 492
473 615
473 178
473 267
474 1710
474 1272
474 405
474 416
474 227
475 543
475 530
475 719
475 215
475 178
476 597
476 203
476 156
476 434
476 186
477 754
477 418
477 382
477 462
477 355
478 1732
478 820
478 275
478 668
478 311
479 745
479 442
479 642
479 76
479 980
480 449
480 745
480 428
480 660
480 251
481 816
481 164
481 214
481 561
481 254
482 499
482 186
482 324
482 114
482 542
483 442
483 432
483 178
483 766
483 1441
484 70
484 28
484 112
484 16
484 614
485 149
485 1441
485 651
485 1853
485 1409
486 571
486 1479
486 1571
486 605
486 865
487 650
487 314
487 633
487 40
487 60
488 493
488 736
488 194
488 1727
488 17
489 165
489 1057
489 362
489 399
489 1402
490 48
490 755
490 465
490 391
490 157
491 133
491 40
491 487
491 633
491 60
492 669
492 48
492 267
492 149
492 606
493 1727
493 443
493 17
493 488
493 1837
494 538
494 605
494 775
494 135
494 1812
495 716
495 77
495 29
495 747
495 347
496 429
496 420
496 801
496 249
496 69
497 1153
497 1213
497 936
497 506
497 1170
498 140
498 67
498 88
498 213
498 360
499 482
499 542
499 156
499 324
499 565
500 370
500 351
500 714
500 48
500 129
501 74
501 714
501 530
501 48
501 442
502 717
502 605
502 775
502 1831
502 744
503 206
503 443
503 125
503 736
503 252
504 227
504 1052
504 405
504 404
504 416
505 426
505 2
505 605
505 160
505 717
506 1299
506 1515
506 1317
506 1801
506 497
507 717
507 812
507 135
507 160
507 224
508 343
508 1813
508 465
508 180
508 379
509 260
509 784
509 757
509 701
509 733
510 716
510 746
510 533
510 495
510 260
511 149
511 687
511 554
511 492
511 180
512 689
512 1705
512 149
512 1733
512 432
513 160
513 1136
513 516
513 519
513 1745
514 1667
514 1170
514 16
514 1135
514 122
515 1440
515 187
515 1410
515 186
515 1095
516 489
516 519
516 160
516 426
516 717
517 688
517 160
517 516
517 717
517 389
518 1368
518 708
518 651
518 1851
518 648
519 1831
519 605
519 516
519 1487
519 426
520 1254
520 974
520 1396
520 1739
520 1050
521 652
521 594
521 24
521 1863
521 715
522 1852
522 512
522 1851
522 518
522 1527
523 1710
523 587
523 1052
523 166
523 211
524 663
524 207
524 274
524 202
524 234
525 244
525 430
525 538
525 1176
525 1487
526 86
526 276
526 640
526 183
526 259
527 429
527 496
527 420
527 427
527 801
528 346
528 627
528 122
528 269
528 229
529 13
529 539
529 389
529 160
529 23
530 465
530 178
530 387
530 1685
530 48
531 1315
531 225
531 1230
531 1037
531 1486
532 739
532 117
532 76
532 1657
532 449
533 510
533 776
533 747
533 184
533 556
534 68
534 1308
534 730
534 1126
534 1425
535 408
535 534
535 692
535 597
535 91
536 788
536 191
536 701
536 235
536 509
537 992
537 979
537 1002
537 1284
537 1678
538 1487
538 744
538 1831
538 1176
538 135
539 397
539 426
539 865
539 160
539 23
540 1368
540 890
540 396
540 1116
540 1834
541 1120
541 7
541 842
541 1501
541 21
542 156
542 186
542 482
542 114
542 499
543 1146
543 1733
543 512
543 149
543 432
544 451
544 1355
544 981
544 239
544 463
545 24
545 594
545 1764
545 783
545 221
546 1745
546 1131
546 539
546 1812
546 253
547 640
547 158
547 776
547 183
547 412
548 1073
548 123
548 1281
548 418
548 789
549 149
549 1335
549 512
549 301
549 809
550 525
550 744
550 430
550 775
550 225
551 719
551 472
551 1371
551 363
551 467
552 762
552 648
552 60
552 372
552 93
553 777
553 633
553 720
553 40
553 93
554 1851
554 518
554 549
554 511
554 1792
555 271
555 444
555 209
555 238
555 559
556 728
556 276
556 268
556 533
556 640
557 509
557 429
557 821
557 806
557 220
558 412
558 640
558 200
558 526
558 182
559 183
559 555
559 177
559 757
559 640
560 637
560 263
560 818
560 603
560 444
561 238
561 481
561 555
561 209
561 254
562 268
562 547
562 273
562 257
562 209
563 1475
563 390
563 1103
563 1469
563 1489
564 1363
564 1639
564 990
564 1485
564 204
565 203
565 114
565 324
565 482
565 499
566 973
566 177
566 427
566 444
566 555
567 186
567 1798
567 1732
567 1714
567 275
568 607
568 1574
568 574
568 5
568 1143
569 951
569 8
569 1500
569 7
569 1299
570 154
570 292
570 293
570 583
570 283
571 90
571 42
571 362
571 23
571 165
572 1271
572 1321
572 877
572 1632
572 1516
573 597
573 25
573 622
573 322
573 345
574 685
574 178
574 568
574 398
574 607
575 80
575 306
575 52
575 1559
575 1162
576 1557
576 40
576 313
576 633
576 951
577 300
577 298
577 601
577 18
577 296
578 10
578 630
578 287
578 26
578 19
579 287
579 316
579 570
579 19
579 782
580 300
580 344
580 328
580 10
580 686
581 288
581 630
581 9
581 598
581 649
582 18
582 643
582 103
582 300
582 36
583 154
583 293
583 570
583 134
583 58
584 287
584 580
584 359
584 300
584 10
585 910
585 1532
585 829
585 871
585 1519
586 154
586 292
586 293
586 283
586 600
587 1662
587 1684
587 1356
587 967
587 965
588 611
588 1279
588 1217
588 1203
588 110
589 1295
589 291
589 1355
589 1060
589 1014
590 642
590 758
590 454
590 51
590 632
591 279
591 1195
591 1187
591 1167
591 1595
592 9
592 27
592 289
592 303
592 288
593 1227
593 1615
593 693
593 690
593 2
594 369
594 652
594 662
594 390
594 24
595 583
595 58
595 658
595 134
595 19
596 77
596 637
596 56
596 353
596 87
597 455
597 72
597 43
597 610
597 322
598 686
598 581
598 27
598 851
598 49
599 309
599 281
599 133
599 650
599 44
600 1763
600 283
600 292
600 586
600 570
601 299
601 1559
601 306
601 103
601 36
602 582
602 103
602 37
602 18
602 604
603 495
603 747
603 87
603 560
603 637
604 299
604 52
604 306
604 602
604 103
605 1230
605 42
605 688
605 571
605 4
606 196
606 432
606 492
606 48
606 635
607 398
607 360
607 465
607 574
607 665
608 53
608 30
608 639
608 328
608 15
609 114
609 181
609 294
609 324
609 434
610 43
610 395
610 408
610 1289
610 294
611 2
611 729
611 1523
611 690
611 1383
612 135
612 1634
612 399
612 1312
612 1812
613 586
613 600
613 214
613 152
613 139
614 28
614 112
614 648
614 458
614 484
615 48
615 780
615 1277
615 659
615 826
616 461
616 48
616 398
616 1047
616 1351
617 690
617 933
617 921
617 593
617 1227
618 337
618 341
618 51
618 659
618 11
619 1298
619 442
619 449
619 696
619 76
620 337
620 1534
620 1491
620 11
620 373
621 1807
621 202
621 1061
621 1450
621 1354
622 91
622 737
622 322
622 573
622 25
623 1148
623 300
623 643
623 319
623 29
624 24
624 419
624 390
624 652
624 662
625 223
625 1557
625 745
625 11
625 1491
626 719
626 632
626 76
626 59
626 48
627 396
627 308
627 16
627 346
627 320
628 794
628 714
628 1009
628 980
628 392
629 641
629 1657
629 719
629 779
629 632
630 287
630 9
630 327
630 321
630 49
631 328
631 53
631 36
631 686
631 973
632 719
632 629
632 758
632 51
632 980
633 388
633 228
633 650
633 487
633 40
634 1704
634 319
634 1148
634 631
634 686
635 11
635 74
635 714
635 398
635 267
636 468
636 48
636 117
636 45
636 343
637 66
637 353
637 723
637 87
637 851
638 630
638 347
638 77
638 19
638 335
639 582
639 103
639 132
639 328
639 30
640 746
640 183
640 447
640 75
640 15
641 398
641 318
641 48
641 367
641 719
642 392
642 980
642 76
642 51
642 479
643 300
643 623
643 582
643 328
643 653
644 1371
644 1685
644 685
644 719
644 1657
645 1393
645 1221
645 1113
645 1345
645 1506
646 1443
646 767
646 161
646 1041
646 333
647 659
647 267
647 826
647 1021
647 180
648 217
648 112
648 800
648 761
648 372
649 327
649 288
649 9
649 61
649 49
650 40
650 384
650 633
650 44
650 314
651 387
651 1713
651 1733
651 432
651 518
652 624
652 662
652 419
652 390
652 24
653 61
653 53
653 639
653 643
653 328
654 570
654 1364
654 600
654 134
654 292
655 389
655 340
655 121
655 23
655 611
656 84
656 447
656 15
656 36
656 631
657 61
657 1148
657 359
657 348
657 328
658 731
658 429
658 237
658 94
658 214
659 1864
659 267
659 329
659 826
659 343
660 1419
660 980
660 428
660 745
660 1013
661 696
661 361
661 619
661 1693
661 1298
662 624
662 594
662 652
662 24
662 390
663 274
663 207
663 101
663 524
663 202
664 548
664 123
664 789
664 382
664 754
665 568
665 398
665 34
665 607
665 453
666 357
666 61
666 297
666 581
666 598
667 120
667 314
667 384
667 133
667 650
668 1450
668 1807
668 1288
668 478
668 311
669 606
669 267
669 492
669 76
669 48
670 1684
670 1662
670 416
670 405
670 939
671 91
671 322
671 597
671 455
671 294
672 1013
672 980
672 358
672 124
672 745
673 1784
673 387
673 537
673 1818
673 1737
674 320
674 648
674 112
674 372
674 70
675 530
675 465
675 398
675 619
675 212
676 1759
676 1861
676 817
676 264
676 1466
677 650
677 720
677 39
677 314
677 133
678 313
678 650
678 40
678 314
678 281
679 465
679 51
679 691
679 530
679 349
680 343
680 422
680 642
680 714
680 48
681 1831
681 82
681 4
681 593
681 690
682 714
682 980
682 626
682 358
682 11
683 232
683 144
683 181
683 186
683 114
684 1134
684 449
684 900
684 1784
684 76
685 392
685 1657
685 719
685 1371
685 67
686 49
686 1148
686 973
686 631
686 53
687 813
687 399
687 1304
687 517
687 513
688 605
688 90
688 464
688 735
688 23
689 1760
689 149
689 1705
689 1733
689 512
690 1615
690 1571
690 1315
690 13
690 1230
691 198
691 11
691 74
691 51
691 442
692 25
692 322
692 91
692 378
692 207
693 1642
693 1615
693 1523
693 593
693 690
694 658
694 603
694 152
694 297
694 94
695 72
695 43
695 63
695 455
695 597
696 401
696 1076
696 467
696 1298
696 619
697 442
697 479
697 794
697 51
697 727
698 980
698 719
698 88
698 772
698 318
699 1789
699 413
699 391
699 530
699 719
700 489
700 426
700 717
700 605
700 135
701 347
701 255
701 747
701 191
701 348
702 759
702 779
702 178
702 51
702 442
703 538
703 430
703 1449
703 1473
703 505
704 749
704 665
704 437
704 607
704 48
705 451
705 1853
705 1309
705 46
705 1313
706 76
706 714
706 48
706 398
706 449
707 616
707 467
707 568
707 665
707 256
708 1811
708 1853
708 1409
708 518
708 1441
709 1013
709 479
709 685
709 59
709 392
710 1357
710 606
710 350
710 356
710 363
711 593
711 1227
711 1416
711 693
711 216
712 746
712 533
712 183
712 75
712 640
713 642
713 48
713 739
713 212
713 51
714 719
714 635
714 398
714 48
714 343
715 1863
715 233
715 17
715 521
715 206
716 260
716 347
716 495
716 784
716 184
717 735
717 216
717 516
717 160
717 426
718 685
718 714
718 380
718 48
718 1371
719 632
719 157
719 685
719 641
719 48
720 650
720 93
720 553
720 133
720 314
721 1763
721 139
721 613
721 393
721 742
722 451
722 92
722 51
722 398
722 439
723 851
723 297
723 126
723 637
723 87
724 327
724 49
724 288
724 303
724 785
725 209
725 796
725 75
725 182
725 757
726 1589
726 370
726 619
726 632
726 1729
727 198
727 398
727 697
727 212
727 632
728 603
728 260
728 556
728 818
728 444
729 593
729 42
729 571
729 2
729 611
730 1126
730 1107
730 1308
730 1111
730 1425
731 305
731 1763
731 321
731 630
731 429
732 1298
732 48
732 76
732 465
732 449
733 154
733 393
733 164
733 701
733 509
734 174
734 305
734 774
734 429
734 237
735 426
735 717
735 160
735 23
735 688
736 109
736 1432
736 17
736 624
736 488
737 1308
737 1425
737 186
737 144
737 622
738 48
738 413
738 1685
738 367
738 772
739 758
739 768
739 51
739 442
739 691
740 1318
740 1449
740 1564
740 1487
740 1171
741 586
741 788
741 757
741 613
741 393
742 292
742 154
742 139
742 721
742 393
743 772
743 689
743 1225
743 1076
743 368
744 690
744 1486
744 135
744 1808
744 1831
745 7
745 398
745 794
745 198
745 951
746 98
746 75
746 447
746 183
746 640
747 347
747 701
747 533
747 495
747 260
748 442
748 619
748 198
748 398
748 380
749 449
749 223
749 76
749 465
749 398
750 698
750 356
750 467
750 137
750 363
751 101
751 234
751 371
751 597
751 476
752 742
752 721
752 97
752 193
752 613
753 472
753 1733
753 1841
753 1586
753 185
754 769
754 1073
754 123
754 789
754 462
755 492
755 475
755 398
755 157
755 48
756 59
756 1059
756 1776
756 1535
756 76
757 547
757 578
757 49
757 806
757 559
758 1657
758 442
758 51
758 632
758 745
759 745
759 607
759 465
759 198
759 398
760 48
760 739
760 465
760 660
760 980
761 112
761 648
761 217
761 136
761 372
762 763
762 314
762 40
762 93
762 60
763 95
763 762
763 777
763 314
763 133
764 283
764 570
764 58
764 292
764 174
765 48
765 74
765 465
765 794
765 329
766 483
766 1441
766 178
766 167
766 1277
767 1810
767 161
767 333
767 646
767 1041
768 449
768 48
768 51
768 442
768 212
769 1373
769 754
769 355
769 1073
769 418
770 488
770 736
770 194
770 1727
770 206
771 734
771 598
771 470
771 429
771 297
772 318
772 619
772 719
772 467
772 698
773 852
773 301
773 168
773 1547
773 432
774 1880
774 771
774 305
774 734
774 429
775 494
775 1831
775 1812
775 605
775 502
776 547
776 184
776 412
776 799
776 811
777 93
777 122
777 424
777 314
777 553
778 1833
778 239
778 786
778 1359
778 392
779 719
779 629
779 410
779 465
779 351
780 512
780 329
780 615
780 394
780 149
781 184
781 495
781 347
781 716
781 747
782 1763
782 600
782 579
782 586
782 795
783 1506
783 594
783 1764
783 221
783 545
784 164
784 716
784 496
784 184
784 801
785 94
785 807
785 724
785 429
785 49
786 392
786 318
786 334
786 698
786 778
787 1408
787 1139
787 1484
787 262
787 1122
788 806
788 31
788 393
788 757
788 578
789 548
789 754
789 462
789 1073
789 418
790 219
790 1363
790 1639
790 921
790 1080
791 1750
791 1765
791 424
791 1865
791 1811
792 462
792 754
792 1026
792 789
792 418
793 518
793 1813
793 1409
793 574
793 1776
794 980
794 398
794 745
794 471
794 198
795 1763
795 283
795 806
795 174
795 782
796 184
796 1850
796 1088
796 811
796 776
797 264
797 1861
797 817
797 1439
797 1466
798 53
798 132
798 639
798 30
798 61
799 183
799 265
799 640
799 184
799 776
800 396
800 648
800 217
800 70
800 372
801 784
801 496
801 174
801 810
801 429
802 803
802 420
802 509
802 496
802 249
803 716
803 733
803 547
803 784
803 533
804 177
804 271
804 444
804 255
804 238
805 568
805 256
805 88
805 398
805 635
806 429
806 287
806 630
806 757
806 174
807 53
807 639
807 653
807 1376
807 30
808 429
808 509
808 235
808 164
808 784
809 549
809 112
809 1760
809 648
809 512
810 600
810 429
810 69
810 801
810 174
811 640
811 158
811 200
811 184
811 776
812 431
812 2
812 426
812 717
812 160
813 740
813 539
813 1449
813 1812
813 397
814 41
814 638
814 191
814 347
814 335
815 378
815 476
815 434
815 1111
815 156
816 496
816 174
816 420
816 249
816 742
817 797
817 1466
817 676
817 1861
817 264
818 238
818 273
818 86
818 444
818 560
819 496
819 429
819 1821
819 801
819 427
820 668
820 1095
820 1828
820 478
820 415
821 734
821 427
821 271
821 557
821 1885
822 1185
822 1522
822 841
822 1179
822 1534
823 568
823 1143
823 822
823 887
823 1006
824 1496
824 1500
824 870
824 1525
824 1491
825 292
825 1763
825 598
825 851
825 289
826 1515
826 1205
826 1146
826 1498
826 1213
827 1547
827 1260
827 1515
827 1213
827 890
828 995
828 1515
828 1245
828 1277
828 1613
829 836
829 839
829 1509
829 1500
829 1147
830 1171
830 1195
830 1222
830 854
830 1279
831 836
831 1144
831 849
831 1185
831 1629
832 1173
832 841
832 1152
832 1542
832 836
833 838
833 1518
833 842
833 1582
833 1589
834 874
834 1381
834 1223
834 1554
834 1641
835 865
835 1145
835 1606
835 937
835 1564
836 839
836 879
836 829
836 1505
836 1147
837 1526
837 843
837 951
837 1500
837 870
838 1518
838 1500
838 841
838 1246
838 887
839 1185
839 1522
839 1505
839 829
839 1491
840 1521
840 1500
840 898
840 932
840 1640
841 1161
841 898
841 1246
841 1579
841 1201
842 898
842 21
842 1558
842 841
842 1526
843 914
843 1640
843 1500
843 870
843 837
844 1260
844 936
844 1307
844 1627
844 1213
845 974
845 1599
845 1576
845 1516
845 1193
846 1549
846 1532
846 1509
846 836
846 853
847 1567
847 898
847 1219
847 1198
847 1302
848 898
848 1491
848 839
848 1640
848 1505
849 1147
849 1509
849 1532
849 836
849 1185
850 837
850 839
850 1491
850 870
850 836
851 825
851 327
851 49
851 598
851 1148
852 1515
852 1213
852 1188
852 1548
852 1607
853 846
853 1342
853 836
853 1629
853 1509
854 1258
854 1167
854 937
854 925
854 1222
855 1315
855 1595
855 1258
855 1045
855 1326
856 1094
856 1641
856 1572
856 1653
856 1377
857 839
857 1549
857 1242
857 846
857 829
858 1598
858 1596
858 1599
858 949
858 1189
859 1246
859 887
859 1214
859 1273
859 1539
860 1038
860 1814
860 1662
860 1360
860 967
861 1171
861 1595
861 1176
861 1222
861 966
862 1607
862 1600
862 1170
862 1536
862 1552
863 1315
863 920
863 1195
863 1229
863 880
864 1269
864 953
864 1205
864 1248
864 1582
865 1037
865 1606
865 855
865 1230
865 1688
866 966
866 1258
866 1229
866 1312
866 1195
867 1186
867 1255
867 901
867 945
867 946
868 961
868 886
868 1517
868 1194
868 1519
869 1177
869 905
869 1163
869 1017
869 874
870 1496
870 951
870 1491
870 837
870 1500
871 910
871 1173
871 1519
871 585
871 1183
872 1168
872 997
872 902
872 908
872 942
873 1509
873 1155
873 846
873 853
873 849
874 1540
874 1223
874 1554
874 893
874 1303
875 1261
875 1573
875 1629
875 1215
875 849
876 1246
876 837
876 951
876 1219
876 1179
877 1516
877 1576
877 1650
877 1647
877 1050
878 1236
878 852
878 953
878 1582
878 1667
879 1152
879 853
879 1505
879 836
879 1528
880 1531
880 1195
880 1229
880 1230
880 863
881 1318
881 1187
881 4
881 2
881 1616
882 1228
882 828
882 1355
882 1716
882 1570
883 1169
883 891
883 1223
883 977
883 1650
884 1559
884 300
884 30
884 1162
884 328
885 866
885 1595
885 1258
885 1222
885 1195
886 1543
886 929
886 1631
886 1549
886 961
887 1219
887 1161
887 1574
887 838
887 841
888 1303
888 1608
888 1163
888 1510
888 1177
889 1647
889 877
889 1650
889 977
889 1193
890 827
890 1210
890 1335
890 828
890 1515
891 1620
891 1520
891 1584
891 1650
891 1572
892 1583
892 1283
892 1234
892 1276
892 858
893 1572
893 874
893 1608
893 1223
893 1584
894 1522
894 1509
894 853
894 1152
894 910
895 936
895 1277
895 828
895 1536
895 844
896 1627
896 1244
896 1305
896 1044
896 1536
897 1572
897 1643
897 1560
897 1650
897 948
898 1640
898 841
898 1522
898 932
898 836
899 1327
899 1337
899 1084
899 1289
899 1256
900 1102
900 1020
900 1700
900 1605
900 1208
901 1151
901 1508
901 1532
901 961
901 867
902 872
902 1201
902 1268
902 1536
902 1199
903 937
903 1595
903 1145
903 1195
903 1531
904 1861
904 1139
904 1408
904 1484
904 1636
905 1169
905 1556
905 1739
905 1554
905 1191
906 1163
906 1510
906 1303
906 1553
906 1773
907 1559
907 1551
907 963
907 1162
907 1621
908 1637
908 917
908 844
908 936
908 895
909 1168
909 1629
909 1508
909 1505
909 1179
910 829
910 839
910 1509
910 1525
910 1522
911 1218
911 1532
911 922
911 968
911 972
912 1514
912 1564
912 1315
912 1379
912 1229
913 1674
913 897
913 1382
913 1700
913 1208
914 826
914 1153
914 1028
914 1498
914 982
915 1607
915 934
915 1601
915 1578
915 1245
916 1216
916 1063
916 1200
916 1035
916 1539
917 995
917 1287
917 1178
917 1044
917 895
918 984
918 1315
918 1564
918 1195
918 903
919 1196
919 1363
919 921
919 990
919 1504
920 1258
920 1229
920 863
920 885
920 1195
921 1252
921 1196
921 1504
921 1312
921 1523
922 901
922 1155
922 947
922 935
922 968
923 1663
923 1247
923 1023
923 1168
923 1626
924 1178
924 1246
924 1155
924 1570
924 1513
925 1195
925 1258
925 1688
925 885
925 854
926 301
926 1021
926 1355
926 1295
926 953
927 1496
927 951
927 837
927 1557
927 1202
928 1175
928 1572
928 1675
928 1520
928 1568
929 886
929 1147
929 836
929 829
929 1185
930 1145
930 1595
930 903
930 1564
930 1688
931 1670
931 1529
931 1310
931 1239
931 1038
932 1500
932 1498
932 1640
932 1246
932 898
933 1427
933 921
933 1504
933 611
933 593
934 1260
934 1245
934 1011
934 1607
934 1244
935 901
935 1063
935 922
935 1735
935 1686
936 1269
936 852
936 1213
936 844
936 828
937 1315
937 866
937 1220
937 1229
937 1145
938 1395
938 926
938 1547
938 981
938 1651
939 1662
939 1684
939 1529
939 1272
939 860
940 1038
940 1529
940 931
940 939
940 1272
941 686
941 851
941 300
941 1148
941 973
942 1677
942 1542
942 902
942 832
942 872
943 1651
943 981
943 1607
943 338
943 1586
944 1320
944 960
944 1000
944 1075
944 1541
945 955
945 1206
945 1533
945 867
945 968
946 1532
946 1218
946 1539
946 1660
946 867
947 1532
947 1513
947 952
947 1044
947 922
948 1175
948 1675
948 1520
948 897
948 1572
949 1650
949 1169
949 977
949 1189
949 1576
950 311
950 1061
950 1774
950 1412
950 1288
951 1219
951 1557
951 870
951 837
951 1500
952 1246
952 1500
952 1299
952 947
952 1532
953 1613
953 995
953 1582
953 852
953 1681
954 1185
954 910
954 875
954 1215
954 1273
955 922
955 867
955 1151
955 1250
955 945
956 1508
956 946
956 1573
956 901
956 961
957 1424
957 1063
957 1557
957 585
957 1532
958 1541
958 1296
958 1048
958 1552
958 1060
959 1700
959 1664
959 1576
959 1189
959 1192
960 1225
960 1541
960 944
960 1320
960 1014
961 1508
961 868
961 1573
961 901
961 886
962 570
962 731
962 429
962 283
962 1763
963 1162
963 907
963 1551
963 1621
963 1349
964 1775
964 987
964 1259
964 1622
964 998
965 1239
965 983
965 1662
965 1038
965 967
966 1195
966 937
966 1222
966 866
966 1312
967 1360
967 1356
967 860
967 965
967 1662
968 867
968 1155
968 922
968 1532
968 945
969 1163
969 906
969 1510
969 1553
969 1166
970 1434
970 1232
970 1344
970 1235
970 1648
971 1681
971 953
971 1295
971 1146
971 1607
972 961
972 1532
972 911
972 1144
972 1597
973 328
973 1148
973 53
973 631
973 686
974 1010
974 1739
974 1650
974 1050
974 1193
975 854
975 1507
975 1313
975 1209
975 1502
976 1039
976 964
976 1060
976 1414
976 958
977 1156
977 1169
977 949
977 1650
977 1598
978 1599
978 1568
978 1223
978 874
978 1563
979 1664
979 992
979 1172
979 1643
979 1284
980 1298
980 1657
980 401
980 632
980 1013
981 943
981 1651
981 1498
981 971
981 938
982 1210
982 1498
982 827
982 1607
982 890
983 1684
983 1038
983 965
983 1360
983 1239
984 866
984 1304
984 1312
984 918
984 1195
985 1500
985 1236
985 1161
985 1579
985 1210
986 1344
986 1114
986 1434
986 1740
986 1648
987 964
987 1493
987 1259
987 1663
987 1157
988 1220
988 918
988 903
988 1203
988 1279
989 1613
989 1627
989 995
989 828
989 1201
990 1565
990 1538
990 1252
990 1196
990 1504
991 1293
991 1680
991 1297
991 882
991 1716
992 1172
992 1664
992 1385
992 979
992 1643
993 1533
993 1535
993 1214
993 1570
993 935
994 1769
994 1731
994 1577
994 1211
994 1209
995 953
995 1681
995 844
995 1613
995 828
996 893
996 874
996 1650
996 1584
996 1572
997 1532
997 1677
997 836
997 1168
997 872
998 1626
998 1665
998 1575
998 964
998 1259
999 883
999 1566
999 1156
999 1336
999 893
1000 1617
1000 1433
1000 944
1000 1320
1000 1075
1001 1607
1001 1586
1001 338
1001 1415
1001 943
1002 1401
1002 1208
1002 1382
1002 1581
1002 1257
1003 1347
1003 1382
1003 1664
1003 1208
1003 1674
1004 1509
1004 1532
1004 1500
1004 1513
1004 1539
1005 1572
1005 845
1005 1602
1005 1377
1005 1650
1006 1018
1006 1158
1006 843
1006 837
1006 1746
1007 1003
1007 1232
1007 1664
1007 1674
1007 1695
1008 959
1008 1700
1008 1192
1008 1576
1008 979
1009 1021
1009 1146
1009 1351
1009 48
1009 59
1010 1300
1010 974
1010 1650
1010 1683
1010 1739
1011 1260
1011 1170
1011 1607
1011 934
1011 1188
1012 1724
1012 1320
1012 1415
1012 1225
1012 1707
1013 1753
1013 392
1013 745
1013 1079
1013 980
1014 1355
1014 1770
1014 1296
1014 1552
1014 1617
1015 1300
1015 1051
1015 1647
1015 1193
1015 1650
1016 1592
1016 1207
1016 1579
1016 1618
1016 841
1017 905
1017 1303
1017 1658
1017 874
1017 1554
1018 1305
1018 1299
1018 1269
1018 1580
1018 828
1019 1281
1019 754
1019 1029
1019 789
1019 1722
1020 1325
1020 1700
1020 1382
1020 913
1020 1208
1021 852
1021 1011
1021 1188
1021 1170
1021 1607
1022 1604
1022 1135
1022 1170
1022 1011
1022 1244
1023 1575
1023 998
1023 1663
1023 1259
1023 1626
1024 1312
1024 1211
1024 1562
1024 1203
1024 854
1025 1577
1025 1653
1025 1370
1025 992
1025 979
1026 1073
1026 1127
1026 1281
1026 1373
1026 1072
1027 587
1027 1182
1027 1529
1027 1181
1027 967
1028 982
1028 827
1028 1135
1028 1667
1028 1296
1029 1723
1029 1019
1029 1026
1029 1378
1029 1722
1030 986
1030 1434
1030 1344
1030 1648
1030 1396
1031 1638
1031 1739
1031 1700
1031 1056
1031 1556
1032 1544
1032 1213
1032 1146
1032 1269
1032 1613
1033 1214
1033 329
1033 1513
1033 1351
1033 659
1034 1682
1034 1752
1034 1815
1034 1256
1034 1380
1035 849
1035 867
1035 916
1035 1216
1035 1573
1036 1522
1036 839
1036 1495
1036 1573
1036 1543
1037 23
1037 880
1037 865
1037 1230
1037 13
1038 965
1038 1710
1038 1360
1038 1239
1038 1684
1039 1395
1039 1756
1039 1705
1039 1065
1039 1578
1040 442
1040 914
1040 1657
1040 1047
1040 574
1041 161
1041 1443
1041 767
1041 646
1041 333
1042 714
1042 1851
1042 391
1042 1100
1042 772
1043 1024
1043 1587
1043 1332
1043 1668
1043 1309
1044 1244
1044 1536
1044 1245
1044 1178
1044 1305
1045 866
1045 1702
1045 855
1045 1195
1045 1595
1046 1013
1046 1350
1046 629
1046 1351
1046 1778
1047 794
1047 398
1047 719
1047 198
1047 1657
1048 1547
1048 1617
1048 1770
1048 958
1048 1296
1049 1705
1049 1591
1049 1827
1049 1292
1049 1659
1050 1650
1050 1516
1050 877
1050 1647
1050 974
1051 1169
1051 1125
1051 1620
1051 1650
1051 1015
1052 1710
1052 967
1052 965
1052 1110
1052 1085
1053 1127
1053 1073
1053 1464
1053 1072
1053 1723
1054 1434
1054 1235
1054 14
1054 1420
1054 1070
1055 1121
1055 743
1055 1159
1055 1086
1055 1351
1056 1683
1056 1177
1056 1556
1056 1031
1056 1728
1057 1045
1057 1195
1057 1634
1057 1312
1057 729
1058 1390
1058 1393
1058 1113
1058 1123
1058 1106
1059 1118
1059 1071
1059 1535
1059 1120
1059 1799
1060 1014
1060 1296
1060 338
1060 958
1060 1355
1061 1288
1061 1435
1061 1354
1061 1450
1061 621
1062 1277
1062 1213
1062 74
1062 1441
1062 1686
1063 935
1063 1214
1063 1186
1063 1539
1063 1165
1064 929
1064 876
1064 1495
1064 836
1064 1168
1065 1293
1065 614
1065 1039
1065 1295
1065 1355
1066 1149
1066 836
1066 879
1066 1219
1066 1543
1067 1034
1067 1741
1067 1815
1067 1256
1067 1682
1068 1284
1068 1717
1068 1401
1068 1172
1068 979
1069 1396
1069 970
1069 1434
1069 1648
1069 1235
1070 280
1070 1672
1070 1605
1070 1254
1070 1739
1071 1567
1071 1246
1071 1059
1071 1646
1071 1644
1072 1073
1072 1127
1072 1373
1072 1281
1072 1026
1073 789
1073 1127
1073 1373
1073 1072
1073 1281
1074 1852
1074 1368
1074 1792
1074 1737
1074 1134
1075 1433
1075 1225
1075 944
1075 1000
1075 1320
1076 318
1076 980
1076 772
1076 1298
1076 691
1077 1304
1077 984
1077 1312
1077 1132
1077 1449
1078 1006
1078 1746
1078 1357
1078 980
1078 401
1079 198
1079 1350
1079 980
1079 745
1079 1013
1080 1402
1080 921
1080 1771
1080 1523
1080 1639
1081 829
1081 837
1081 1631
1081 886
1081 1348
1082 690
1082 593
1082 1688
1082 1538
1082 1176
1083 1465
1083 1478
1083 920
1083 1176
1083 211
1084 1327
1084 899
1084 1289
1084 1380
1084 1741
1085 860
1085 1814
1085 939
1085 967
1085 1052
1086 530
1086 1009
1086 1351
1086 180
1086 483
1087 1320
1087 1184
1087 1617
1087 1372
1087 1225
1088 1559
1088 1436
1088 306
1088 1826
1088 1376
1089 716
1089 701
1089 268
1089 265
1089 192
1090 1276
1090 856
1090 1840
1090 1398
1090 1511
1091 1111
1091 1126
1091 1830
1091 1289
1091 1425
1092 1260
1092 1368
1092 1760
1092 301
1092 1679
1093 1520
1093 1568
1093 1675
1093 1175
1093 1641
1094 1697
1094 1568
1094 1572
1094 856
1094 1641
1095 1440
1095 1782
1095 1714
1095 1786
1095 1410
1096 1335
1096 1368
1096 1295
1096 1135
1096 1108
1097 648
1097 396
1097 1875
1097 1170
1097 1705
1098 338
1098 1075
1098 1296
1098 1770
1098 1541
1099 1044
1099 1535
1099 901
1099 1214
1099 1178
1100 1368
1100 1824
1100 1836
1100 1852
1100 1788
1101 1408
1101 904
1101 1484
1101 1139
1101 1636
1102 1748
1102 1452
1102 900
1102 1368
1102 1705
1103 369
1103 1469
1103 1445
1103 563
1103 1489
1104 1325
1104 1674
1104 1003
1104 1347
1104 1728
1105 1683
1105 1237
1105 1344
1105 1172
1105 1284
1106 1390
1106 1113
1106 1393
1106 1123
1106 1058
1107 1111
1107 1380
1107 1425
1107 1126
1107 1308
1108 1803
1108 1233
1108 1452
1108 1135
1108 1096
1109 205
1109 169
1109 619
1109 732
1109 102
1110 405
1110 1085
1110 1052
1110 965
1110 1814
1111 1289
1111 1034
1111 1741
1111 1380
1111 1084
1112 210
1112 1298
1112 1054
1112 1685
1112 449
1113 221
1113 1764
1113 1058
1113 1393
1113 1506
1114 1740
1114 979
1114 1172
1114 986
1114 1344
1115 652
1115 1805
1115 1727
1115 1884
1115 1837
1116 1244
1116 1776
1116 1788
1116 1368
1116 890
1117 1504
1117 1642
1117 1771
1117 921
1117 1080
1118 1874
1118 1120
1118 1801
1118 1368
1118 1128
1119 1141
1119 1308
1119 1111
1119 1380
1119 1107
1120 1355
1120 1801
1120 1118
1120 1368
1120 1128
1121 1394
1121 900
1121 1100
1121 1867
1121 1134
1122 262
1122 1408
1122 787
1122 1484
1122 1139
1123 1390
1123 1106
1123 1113
1123 1058
1123 1393
1124 159
1124 1655
1124 1281
1124 1723
1124 1127
1125 1585
1125 1650
1125 1163
1125 1333
1125 1051
1126 1380
1126 1862
1126 1425
1126 1107
1126 1308
1127 1026
1127 1072
1127 1723
1127 1281
1127 1655
1128 995
1128 1368
1128 1801
1128 1118
1128 1120
1129 880
1129 865
1129 1831
1129 1230
1129 1037
1130 1071
1130 1059
1130 1535
1130 1118
1130 1120
1131 1379
1131 1616
1131 1229
1131 1306
1131 1702
1132 1449
1132 1402
1132 1471
1132 1312
1132 1077
1133 1178
1133 1735
1133 1644
1133 1570
1133 1513
1134 1394
1134 1834
1134 900
1134 1121
1134 1368
1135 1146
1135 1335
1135 1667
1135 1233
1135 1096
1136 1315
1136 1479
1136 489
1136 1878
1136 1831
1137 432
1137 1738
1137 1705
1137 1407
1137 1713
1138 1797
1138 1432
1138 1849
1138 1884
1138 1115
1139 904
1139 262
1139 1484
1139 1408
1139 1122
1140 275
1140 1856
1140 1804
1140 1732
1140 1815
1141 1084
1141 1425
1141 1119
1141 1380
1141 1111
1142 1534
1142 1496
1142 1491
1142 1160
1142 1521
1143 401
1143 5
1143 1142
1143 914
1143 568
1144 1597
1144 972
1144 831
1144 849
1144 1530
1145 1606
1145 1286
1145 1564
1145 903
1145 937
1146 1269
1146 852
1146 1213
1146 826
1146 1515
1147 1185
1147 929
1147 1509
1147 836
1147 829
1148 36
1148 851
1148 1704
1148 941
1148 973
1149 1152
1149 836
1149 1173
1149 841
1149 898
1150 932
1150 1498
1150 1290
1150 898
1150 887
1151 961
1151 945
1151 955
1151 1063
1151 901
1152 1149
1152 1528
1152 836
1152 898
1152 1147
1153 1161
1153 1269
1153 1205
1153 1637
1153 826
1154 1560
1154 1653
1154 1511
1154 1164
1154 856
1155 1509
1155 924
1155 1539
1155 1342
1155 1513
1156 977
1156 1596
1156 1166
1156 1650
1156 1635
1157 1626
1157 1663
1157 1665
1157 987
1157 1493
1158 1006
1158 1491
1158 1496
1158 1525
1158 839
1159 1513
1159 1646
1159 1570
1159 1228
1159 1644
1160 914
1160 870
1160 1640
1160 1142
1160 1500
1161 1582
1161 841
1161 1579
1161 1205
1161 1236
1162 1436
1162 1694
1162 1376
1162 1559
1162 1329
1163 1223
1163 1608
1163 1553
1163 1540
1163 906
1164 969
1164 1560
1164 1641
1164 1154
1164 1653
1165 1044
1165 1178
1165 1245
1165 1546
1165 1513
1166 1223
1166 1156
1166 1645
1166 1510
1166 1553
1167 1258
1167 925
1167 854
1167 1222
1167 866
1168 901
1168 1247
1168 1064
1168 923
1168 1545
1169 977
1169 1647
1169 1650
1169 1333
1169 905
1170 852
1170 1188
1170 1330
1170 1604
1170 1011
1171 1258
1171 1222
1171 866
1171 1195
1171 920
1172 1695
1172 1717
1172 979
1172 1284
1172 1643
1173 836
1173 1509
1173 1500
1173 1198
1173 829
1174 849
1174 1593
1174 1539
1174 1528
1174 879
1175 1191
1175 1675
1175 1572
1175 1641
1175 1520
1176 1145
1176 1363
1176 1630
1176 1831
1176 1229
1177 1223
1177 888
1177 1510
1177 1166
1177 905
1178 1497
1178 1570
1178 1044
1178 1245
1178 828
1179 1185
1179 1508
1179 1614
1179 1194
1179 1629
1180 879
1180 1016
1180 887
1180 1302
1180 832
1181 860
1181 1027
1181 1662
1181 1182
1181 967
1182 1181
1182 1356
1182 860
1182 967
1182 965
1183 585
1183 1173
1183 1319
1183 871
1183 1519
1184 1260
1184 1245
1184 934
1184 1372
1184 1594
1185 1179
1185 839
1185 836
1185 1522
1185 929
1186 1165
1186 1255
1186 917
1186 1063
1186 1539
1187 1379
1187 903
1187 1702
1187 881
1187 1306
1188 1604
1188 1600
1188 852
1188 1011
1188 1591
1189 1333
1189 858
1189 1585
1189 949
1189 1576
1190 1246
1190 826
1190 1498
1190 982
1190 1500
1191 1584
1191 1554
1191 1540
1191 905
1191 1675
1192 877
1192 959
1192 1599
1192 1576
1192 1581
1193 974
1193 1333
1193 1635
1193 1015
1193 1650
1194 868
1194 1614
1194 839
1194 1179
1194 1185
1195 1258
1195 1229
1195 885
1195 866
1195 920
1196 990
1196 1252
1196 1538
1196 1224
1196 1565
1197 1149
1197 841
1197 898
1197 1491
1197 1558
1198 836
1198 1500
1198 1246
1198 1173
1198 829
1199 862
1199 1270
1199 1552
1199 1536
1199 1624
1200 1614
1200 1204
1200 1179
1200 1202
1200 1508
1201 841
1201 1613
1201 1498
1201 1236
1201 1579
1202 870
1202 1557
1202 839
1202 1505
1202 837
1203 1229
1203 1312
1203 937
1203 1702
1203 866
1204 927
1204 1202
1204 1543
1204 1549
1204 1631
1205 844
1205 1213
1205 1515
1205 1236
1205 826
1206 1532
1206 945
1206 1246
1206 1513
1206 1533
1207 841
1207 1542
1207 1557
1207 1018
1207 1505
1208 1638
1208 1003
1208 1598
1208 1382
1208 1700
1209 866
1209 937
1209 1315
1209 1258
1209 1564
1210 844
1210 828
1210 1213
1210 1613
1210 1236
1211 920
1211 866
1211 1195
1211 1024
1211 1668
1212 1173
1212 1152
1212 910
1212 1149
1212 898
1213 1667
1213 1260
1213 1515
1213 1307
1213 844
1214 1255
1214 1644
1214 1178
1214 828
1214 1513
1215 836
1215 1517
1215 910
1215 1629
1215 1525
1216 1144
1216 1561
1216 1186
1216 961
1216 901
1217 1286
1217 937
1217 1209
1217 1145
1217 1229
1218 1532
1218 947
1218 1513
1218 1660
1218 1533
1219 951
1219 1505
1219 1500
1219 836
1219 898
1220 903
1220 1531
1220 1315
1220 1145
1220 937
1221 3
1221 278
1221 1524
1221 1555
1221 286
1222 1167
1222 1258
1222 866
1222 854
1222 885
1223 1303
1223 893
1223 1584
1223 1381
1223 1540
1224 1606
1224 1196
1224 1538
1224 1565
1224 1688
1225 1012
1225 1320
1225 1433
1225 1087
1225 1075
1226 1263
1226 1564
1226 1504
1226 1565
1226 1224
1227 2
1227 1523
1227 1565
1227 593
1227 1615
1228 1613
1228 1305
1228 1245
1228 1570
1228 1497
1229 863
1229 1315
1229 1531
1229 880
1229 1195
1230 1531
1230 880
1230 1465
1230 13
1230 1595
1231 1552
1231 1233
1231 1548
1231 1536
1231 936
1232 1648
1232 1007
1232 1344
1232 1695
1232 1674
1233 1260
1233 844
1233 1213
1233 852
1233 1548
1234 1576
1234 892
1234 285
1234 1700
1234 858
1235 1163
1235 970
1235 1434
1235 1069
1235 1648
1236 1515
1236 1205
1236 1213
1236 1613
1236 1210
1237 1172
1237 1650
1237 834
1237 1051
1237 1739
1238 917
1238 1497
1238 1601
1238 1245
1238 828
1239 965
1239 1360
1239 1684
1239 983
1239 1038
1240 1174
1240 849
1240 1186
1240 1539
1240 1273
1241 1509
1241 929
1241 1532
1241 1543
1241 836
1242 1528
1242 829
1242 836
1242 898
1242 848
1243 1263
1243 1222
1243 1145
1243 1224
1243 1564
1244 1305
1244 1044
1244 1011
1244 1245
1244 934
1245 1497
1245 1305
1245 1515
1245 828
1245 1238
1246 1513
1246 841
1246 1201
1246 1498
1246 1500
1247 1611
1247 1601
1247 923
1247 1238
1247 1168
1248 852
1248 1582
1248 864
1248 953
1248 878
1249 570
1249 174
1249 305
1249 427
1249 429
1250 1660
1250 867
1250 901
1250 1280
1250 955
1251 614
1251 1011
1251 1733
1251 1705
1251 648
1252 885
1252 1145
1252 1504
1252 1538
1252 1196
1253 996
1253 845
1253 1576
1253 1572
1253 1650
1254 1384
1254 834
1254 1070
1254 1675
1254 1726
1255 1214
1255 1570
1255 1178
1255 1539
1255 1277
1256 1682
1256 899
1256 1380
1256 1034
1256 1289
1257 1192
1257 1002
1257 1576
1257 1581
1257 1599
1258 866
1258 1315
1258 1229
1258 885
1258 1195
1259 987
1259 964
1259 1665
1259 1663
1259 998
1260 1011
1260 844
1260 1287
1260 1213
1260 1627
1261 901
1261 1147
1261 1629
1261 886
1261 1573
1262 117
1262 60
1262 1669
1262 1794
1262 1527
1263 1630
1263 1176
1263 1252
1263 1538
1263 1145
1264 1330
1264 1578
1264 1244
1264 1170
1264 1011
1265 1401
1265 1620
1265 891
1265 1300
1265 83
1266 1297
1266 1651
1266 1184
1266 1366
1266 1372
1267 1296
1267 1135
1267 862
1267 1536
1267 1552
1268 882
1268 1018
1268 1536
1268 1267
1268 1552
1269 1146
1269 1213
1269 1515
1269 852
1269 828
1270 338
1270 1624
1270 862
1270 1552
1270 1607
1271 1015
1271 572
1271 1051
1271 1650
1271 877
1272 405
1272 1360
1272 939
1272 940
1272 1038
1273 1219
1273 1530
1273 841
1273 1629
1273 1539
1274 936
1274 828
1274 852
1274 1146
1274 1681
1275 960
1275 944
1275 958
1275 1415
1275 1060
1276 979
1276 948
1276 1583
1276 1283
1276 892
1277 895
1277 1146
1277 1213
1277 1515
1277 828
1278 1273
1278 946
1278 922
1278 1539
1278 886
1279 854
1279 988
1279 830
1279 937
1279 1203
1280 1238
1280 1497
1280 1625
1280 1168
1280 1250
1281 1723
1281 1026
1281 1127
1281 1073
1281 1072
1282 282
1282 827
1282 1287
1282 1600
1282 1188
1283 1583
1283 1276
1283 1577
1283 1590
1283 892
1284 1401
1284 1664
1284 1643
1284 1172
1284 979
1285 1287
1285 1613
1285 828
1285 1536
1285 1607
1286 1217
1286 937
1286 1229
1286 1315
1286 1145
1287 1601
1287 844
1287 1330
1287 1627
1287 1260
1288 1435
1288 311
1288 1774
1288 950
1288 1412
1289 1682
1289 1084
1289 899
1289 1256
1289 1327
1290 1607
1290 1146
1290 1498
1290 338
1290 282
1291 1599
1291 1189
1291 1576
1291 1192
1291 877
1292 1609
1292 1244
1292 1395
1292 934
1292 1659
1293 882
1293 1651
1293 1295
1293 1065
1293 1355
1294 1186
1294 1168
1294 901
1294 1633
1294 585
1295 926
1295 1146
1295 1245
1295 1317
1295 1497
1296 1547
1296 1014
1296 1617
1296 338
1296 1552
1297 1680
1297 1707
1297 1415
1297 991
1297 1372
1298 318
1298 619
1298 696
1298 449
1298 980
1299 1515
1299 837
1299 1500
1299 1018
1299 1246
1300 1193
1300 1010
1300 1015
1300 891
1300 1650
1301 987
1301 1537
1301 1665
1301 1663
1301 1626
1302 1198
1302 847
1302 1201
1302 1567
1302 841
1303 1596
1303 906
1303 1223
1303 874
1303 1608
1304 1195
1304 1312
1304 866
1304 984
1304 1326
1305 1536
1305 1228
1305 828
1305 1044
1305 1245
1306 903
1306 1187
1306 1531
1306 1379
1306 1258
1307 1627
1307 1667
1307 1515
1307 844
1307 1213
1308 43
1308 1682
1308 1126
1308 1107
1308 1425
1309 1332
1309 1587
1309 1796
1309 1211
1309 1043
1310 1684
1310 1529
1310 931
1310 1239
1310 983
1311 1507
1311 1315
1311 1514
1311 1446
1311 912
1312 1222
1312 1634
1312 966
1312 1195
1312 866
1313 1514
1313 975
1313 912
1313 1502
1313 1507
1314 1619
1314 1509
1314 1532
1314 968
1314 846
1315 13
1315 1229
1315 1531
1315 1258
1315 1523
1316 1177
1316 1553
1316 1166
1316 1650
1316 1163
1317 1184
1317 1594
1317 1245
1317 1295
1317 934
1318 881
1318 855
1318 1642
1318 2
1318 1615
1319 868
1319 1241
1319 1183
1319 1185
1319 1597
1320 1617
1320 1075
1320 1000
1320 1225
1320 1433
1321 1762
1321 1658
1321 1650
1321 572
1321 1017
1322 1372
1322 1292
1322 1184
1322 1415
1322 1707
1323 1663
1323 1494
1323 1734
1323 1588
1323 1575
1324 1245
1324 964
1324 1666
1324 987
1324 1497
1325 1605
1325 1382
1325 1003
1325 1347
1325 1674
1326 1702
1326 1230
1326 1315
1326 1595
1326 855
1327 1388
1327 1084
1327 899
1327 1337
1327 1289
1328 1626
1328 1665
1328 1157
1328 1494
1328 1537
1329 1376
1329 1404
1329 1694
1329 1559
1329 1162
1330 1591
1330 1188
1330 1601
1330 1600
1330 1170
1331 1049
1331 915
1331 1578
1331 1292
1331 1659
1332 1203
1332 854
1332 866
1332 1209
1332 1167
1333 977
1333 1193
1333 1650
1333 1576
1333 1169
1334 1146
1334 1498
1334 985
1334 826
1334 1406
1335 1146
1335 396
1335 1260
1335 890
1335 1213
1336 1276
1336 999
1336 1234
1336 1511
1336 858
1337 1084
1337 1388
1337 1327
1337 899
1337 1289
1338 1085
1338 939
1338 964
1338 860
1338 1622
1339 876
1339 1505
1339 1352
1339 1179
1339 1215
1340 1026
1340 1073
1340 1281
1340 1722
1340 1029
1341 1155
1341 1629
1341 1532
1341 1509
1341 886
1342 1629
1342 1155
1342 1185
1342 1509
1342 829
1343 1717
1343 970
1343 1232
1343 1344
1343 1648
1344 1232
1344 1163
1344 1717
1344 1172
1344 1695
1345 783
1345 545
1345 1764
1345 1506
1345 1390
1346 729
1346 1523
1346 611
1346 1427
1346 1383
1347 1325
1347 1728
1347 1382
1347 1003
1347 1208
1348 1557
1348 837
1348 1202
1348 1505
1348 1640
1349 577
1349 1551
1349 963
1349 907
1349 1621
1350 1351
1350 758
1350 980
1350 1013
1350 1079
1351 890
1351 1214
1351 1368
1351 1277
1351 1409
1352 1746
1352 1495
1352 1522
1352 1505
1352 1179
1353 610
1353 1682
1353 1308
1353 72
1353 43
1354 99
1354 1061
1354 1490
1354 621
1354 1450
1355 1244
1355 338
1355 1065
1355 934
1355 882
1356 1182
1356 965
1356 1662
1356 967
1356 860
1357 1006
1357 64
1357 1078
1357 356
1357 318
1358 1103
1358 488
1358 1445
1358 1432
1358 1470
1359 1374
1359 1756
1359 938
1359 1651
1359 1395
1360 860
1360 1684
1360 1038
1360 983
1360 1710
1361 1664
1361 1638
1361 1581
1361 1674
1361 1007
1362 338
1362 1060
1362 1000
1362 1014
1362 944
1363 1195
1363 1504
1363 920
1363 1176
1363 1523
1364 825
1364 292
1364 134
1364 654
1364 303
1365 902
1365 1268
1365 1018
1365 1228
1365 1644
1366 1372
1366 1594
1366 1266
1366 1184
1366 1651
1367 1608
1367 1568
1367 1572
1367 1675
1367 1554
1368 301
1368 1335
1368 1801
1368 1834
1368 1394
1369 1650
1369 1572
1369 1635
1369 996
1369 891
1370 1343
1370 1759
1370 1154
1370 1025
1370 1590
1371 401
1371 719
1371 48
1371 685
1371 1657
1372 1374
1372 1297
1372 1594
1372 1087
1372 1184
1373 1723
1373 1073
1373 1281
1373 1026
1373 1072
1374 1415
1374 1372
1374 934
1374 1651
1374 1184
1375 852
1375 1536
1375 1330
1375 1022
1375 1285
1376 1694
1376 1162
1376 1559
1376 1088
1376 1436
1377 1568
1377 1005
1377 996
1377 856
1377 1572
1378 1464
1378 1029
1378 1723
1378 375
1378 1655
1379 1306
1379 1229
1379 1595
1379 880
1379 1688
1380 1815
1380 1084
1380 1256
1380 1111
1380 1034
1381 893
1381 1554
1381 1572
1381 1223
1381 1584
1382 1687
1382 1700
1382 1208
1382 1003
1382 1002
1383 1771
1383 1346
1383 1523
1383 611
1383 921
1384 1554
1384 1254
1384 1675
1384 1740
1384 1739
1385 1687
1385 1643
1385 1284
1385 979
1385 992
1386 760
1386 1062
1386 210
1386 511
1386 748
1387 1203
1387 1187
1387 1312
1387 2
1387 1167
1388 400
1388 1741
1388 1289
1388 1337
1388 1327
1389 945
1389 743
1389 1112
1389 1062
1389 210
1390 1764
1390 1393
1390 1113
1390 1506
1390 1345
1391 1515
1391 1613
1391 1483
1391 1454
1391 1567
1392 1034
1392 1815
1392 1425
1392 1807
1392 1752
1393 1390
1393 1113
1393 1123
1393 1058
1393 1106
1394 1146
1394 1307
1394 1368
1394 1801
1394 1832
1395 1733
1395 1292
1395 1748
1395 1705
1395 1756
1396 1726
1396 1235
1396 1740
1396 1648
1396 1434
1397 1176
1397 1222
1397 1564
1397 1209
1397 930
1398 1653
1398 1641
1398 1708
1398 1840
1398 1726
1399 1294
1399 1365
1399 1151
1399 1530
1399 1273
1400 651
1400 661
1400 350
1400 773
1400 1789
1401 1265
1401 1172
1401 979
1401 1002
1401 1284
1402 1312
1402 362
1402 1057
1402 489
1402 729
1403 1372
1403 1048
1403 1225
1403 1087
1403 1075
1404 1694
1404 1162
1404 1715
1404 328
1404 1329
1405 789
1405 1073
1405 1281
1405 1026
1405 792
1406 1441
1406 1305
1406 1100
1406 1394
1406 1744
1407 1607
1407 827
1407 1146
1407 1335
1407 1748
1408 262
1408 904
1408 1484
1408 1122
1408 1139
1409 1100
1409 1368
1409 1351
1409 1832
1409 180
1410 1754
1410 1786
1410 1440
1410 1828
1410 1095
1411 1671
1411 1682
1411 1815
1411 1034
1411 1067
1412 311
1412 1774
1412 1450
1412 1288
1412 1435
1413 1608
1413 1675
1413 1568
1413 1303
1413 874
1414 1259
1414 1370
1414 964
1414 1060
1414 976
1415 338
1415 1292
1415 1541
1415 1707
1415 1060
1416 990
1416 1318
1416 1642
1416 1538
1416 1639
1417 301
1417 1801
1417 1679
1417 396
1417 1355
1418 1388
1418 400
1418 1752
1418 1741
1418 1084
1419 1789
1419 530
1419 660
1419 1809
1419 1079
1420 1717
1420 1695
1420 1683
1420 1664
1420 1648
1421 1014
1421 1087
1421 1617
1421 1760
1421 1225
1422 332
1422 109
1422 326
1422 1671
1422 119
1423 970
1423 986
1423 1396
1423 1648
1423 1434
1424 1244
1424 1245
1424 1214
1424 1691
1424 1788
1425 1380
1425 1289
1425 1682
1425 1126
1425 1308
1426 1284
1426 1050
1426 1384
1426 1678
1426 361
1427 1642
1427 729
1427 611
1427 1346
1427 933
1428 619
1428 1737
1428 696
1428 1298
1428 1789
1429 1842
1429 890
1429 1738
1429 291
1429 1299
1430 708
1430 1100
1430 826
1430 1679
1430 651
1431 880
1431 863
1431 1703
1431 920
1431 1229
1432 1805
1432 662
1432 390
1432 624
1432 652
1433 1075
1433 1000
1433 958
1433 1225
1433 1320
1434 1069
1434 1423
1434 1235
1434 1648
1434 1396
1435 1061
1435 1288
1435 1450
1435 1774
1435 1412
1436 1088
1436 1376
1436 1694
1436 1162
1436 1559
1437 1335
1437 1570
1437 1184
1437 1535
1437 1546
1438 828
1438 1527
1438 1394
1438 301
1438 1515
1439 1139
1439 797
1439 264
1439 1466
1439 1858
1440 1111
1440 1084
1440 1095
1440 1410
1440 1418
1441 1305
1441 766
1441 1335
1441 1758
1441 1062
1442 1826
1442 306
1442 1850
1442 1088
1442 1621
1443 161
1443 1041
1443 767
1443 333
1443 1810
1444 1281
1444 1373
1444 1072
1444 1073
1444 1723
1445 652
1445 24
1445 1489
1445 1103
1445 390
1446 1785
1446 1769
1446 1767
1446 1311
1446 1829
1447 1758
1447 1274
1447 1335
1447 1438
1447 301
1448 301
1448 674
1448 190
1448 827
1448 93
1449 1312
1449 1222
1449 984
1449 1209
1449 1473
1450 1412
1450 1435
1450 621
1450 1061
1450 1354
1451 1344
1451 1002
1451 1648
1451 1434
1451 970
1452 1233
1452 934
1452 1607
1452 1244
1452 1011
1453 1391
1453 65
1453 1062
1453 1483
1453 1454
1454 1305
1454 1453
1454 1483
1454 1613
1454 1391
1455 1683
1455 1002
1455 1739
1455 1105
1455 1010
1456 1236
1456 1277
1456 1457
1456 1789
1456 1335
1457 659
1457 647
1457 1744
1457 1456
1457 1789
1458 696
1458 743
1458 629
1458 318
1458 1298
1459 1153
1459 826
1459 1022
1459 882
1459 1569
1460 190
1460 308
1460 674
1460 136
1460 372
1461 458
1461 1251
1461 1320
1461 1471
1461 1770
1462 1229
1462 863
1462 1315
1462 920
1462 1703
1463 1699
1463 877
1463 974
1463 1647
1463 1050
1464 1026
1464 1655
1464 1127
1464 1053
1464 1723
1465 1037
1465 1595
1465 1230
1465 865
1465 1630
1466 1139
1466 1484
1466 817
1466 1439
1466 1861
1467 947
1467 1794
1467 1669
1467 1527
1467 1557
1468 1003
1468 1605
1468 1347
1468 1208
1468 1480
1469 1489
1469 1103
1469 390
1469 236
1469 563
1470 390
1470 594
1470 488
1470 1805
1470 1432
1471 1479
1471 1771
1471 1080
1471 1057
1471 1132
1472 1135
1472 1802
1472 1210
1472 1213
1472 1335
1473 920
1473 1258
1473 1195
1473 885
1473 1449
1474 1195
1474 1595
1474 881
1474 885
1474 1187
1475 1432
1475 390
1475 563
1475 290
1475 624
1476 1416
1476 1538
1476 1196
1476 1485
1476 1639
1477 488
1477 493
1477 1797
1477 1863
1477 194
1478 1831
1478 865
1478 1037
1478 1230
1478 1479
1479 1230
1479 1523
1479 865
1479 1478
1479 160
1480 1237
1480 1468
1480 1208
1480 1003
1480 1739
1481 429
1481 810
1481 630
1481 801
1481 1763
1482 1465
1482 1230
1482 1831
1482 1630
1482 1808
1483 442
1483 1348
1483 1391
1483 1453
1483 1454
1484 1636
1484 904
1484 1139
1484 1408
1484 1122
1485 1615
1485 1224
1485 1196
1485 1565
1485 1538
1486 881
1486 1229
1486 1315
1486 1812
1486 744
1487 1222
1487 1449
1487 920
1487 1171
1487 519
1488 1478
1488 1634
1488 855
1488 1831
1488 1057
1489 1445
1489 1103
1489 236
1489 1469
1489 563
1490 99
1490 1807
1490 1843
1490 1435
1490 1354
1491 1543
1491 1534
1491 839
1491 1492
1491 870
1492 1676
1492 839
1492 1534
1492 870
1492 1491
1493 1665
1493 1157
1493 1356
1493 987
1493 1502
1494 1259
1494 998
1494 1328
1494 1575
1494 1537
1495 898
1495 829
1495 1491
1495 1522
1495 1185
1496 927
1496 870
1496 837
1496 1500
1496 1491
1497 1536
1497 1245
1497 1228
1497 1178
1497 828
1498 1246
1498 1574
1498 1201
1498 1146
1498 826
1499 1640
1499 1161
1499 841
1499 1534
1499 898
1500 829
1500 1246
1500 870
1500 951
1500 837
1501 1143
1501 21
1501 842
1501 568
1501 5
1502 1507
1502 1665
1502 1493
1502 1313
1502 975
1503 1145
1503 1670
1503 1564
1503 1176
1503 1397
1504 1565
1504 925
1504 990
1504 1222
1504 1252
1505 1525
1505 1557
1505 836
1505 848
1505 839
1506 3
1506 1113
1506 1345
1506 1390
1506 1764
1507 1209
1507 1326
1507 925
1507 1514
1507 975
1508 1669
1508 1200
1508 1179
1508 1629
1508 1532
1509 910
1509 1532
1509 1147
1509 1549
1509 829
1510 1608
1510 906
1510 1166
1510 1177
1510 1553
1511 1520
1511 928
1511 948
1511 1572
1511 1560
1512 841
1512 1173
1512 836
1512 1149
1512 1152
1513 1246
1513 1570
1513 1214
1513 924
1513 1644
1514 1564
1514 1379
1514 1595
1514 912
1514 1507
1515 852
1515 828
1515 1269
1515 1213
1515 1613
1516 1050
1516 845
1516 1650
1516 877
1516 572
1517 1631
1517 1215
1517 1342
1517 1633
1517 868
1518 1299
1518 828
1518 1269
1518 1497
1518 1515
1519 910
1519 868
1519 1629
1519 585
1519 1183
1520 1540
1520 1584
1520 1175
1520 1641
1520 1572
1521 1500
1521 1142
1521 1534
1521 1522
1521 870
1522 910
1522 898
1522 1185
1522 839
1522 1500
1523 1229
1523 1571
1523 1195
1523 1315
1523 1564
1524 3
1524 1555
1524 1221
1524 286
1524 278
1525 839
1525 836
1525 1505
1525 910
1525 1500
1526 839
1526 842
1526 951
1526 837
1526 1500
1527 1335
1527 1493
1527 1794
1527 1497
1527 1570
1528 1204
1528 853
1528 1152
1528 836
1528 879
1529 1239
1529 1038
1529 939
1529 1684
1529 983
1530 1185
1530 849
1530 1543
1530 1273
1530 1144
1531 1195
1531 1315
1531 880
1531 1230
1531 1229
1532 829
1532 968
1532 1509
1532 1508
1532 901
1533 1206
1533 1546
1533 1513
1533 945
1533 1535
1534 1492
1534 1505
1534 837
1534 870
1534 1491
1535 1546
1535 1184
1535 1570
1535 1513
1535 1533
1536 828
1536 895
1536 1245
1536 1548
1536 1044
1537 1301
1537 1575
1537 1494
1537 1665
1537 1328
1538 990
1538 1145
1538 1224
1538 1252
1538 1196
1539 1214
1539 1063
1539 1186
1539 1155
1539 1255
1540 1520
1540 1554
1540 1675
1540 1191
1540 1223
1541 338
1541 1415
1541 1578
1541 960
1541 958
1542 1729
1542 1557
1542 1500
1542 1299
1542 1525
1543 1557
1543 1185
1543 1491
1543 829
1543 839
1544 1146
1544 1236
1544 1515
1544 1245
1544 1613
1545 876
1545 1532
1545 1341
1545 1631
1545 1168
1546 1214
1546 1669
1546 1535
1546 1533
1546 1165
1547 1188
1547 1578
1547 852
1547 1600
1547 1607
1548 1213
1548 1231
1548 852
1548 1233
1548 1536
1549 1342
1549 829
1549 1204
1549 1509
1549 886
1550 1196
1550 1565
1550 1226
1550 1224
1550 1263
1551 1689
1551 963
1551 1349
1551 1621
1551 907
1552 1270
1552 1617
1552 1296
1552 1014
1552 862
1553 1510
1553 906
1553 1773
1553 1166
1553 1163
1554 1675
1554 1563
1554 1191
1554 1540
1554 905
1555 3
1555 1524
1555 278
1555 286
1555 1221
1556 1516
1556 1010
1556 905
1556 1739
1556 1762
1557 951
1557 927
1557 839
1557 829
1557 1505
1558 1526
1558 1676
1558 842
1558 839
1558 7
1559 1329
1559 1436
1559 1376
1559 1694
1559 1162
1560 1653
1560 1577
1560 1164
1560 1641
1560 1572
1561 961
1561 1593
1561 1755
1561 1216
1561 1612
1562 1203
1562 1145
1562 1379
1562 854
1562 1176
1563 1191
1563 1699
1563 1540
1563 1554
1563 1584
1564 937
1564 1209
1564 1145
1564 1523
1564 1397
1565 1504
1565 1538
1565 1226
1565 1196
1565 1224
1566 1283
1566 1253
1566 1590
1566 1154
1566 1377
1567 1245
1567 1515
1567 1201
1567 1498
1567 1613
1568 1540
1568 1520
1568 1413
1568 1191
1568 1641
1569 1135
1569 1681
1569 1667
1569 1811
1569 1834
1570 1497
1570 828
1570 1305
1570 1178
1570 1228
1571 1252
1571 1615
1571 690
1571 1642
1571 1523
1572 948
1572 1175
1572 1520
1572 1584
1572 1650
1573 836
1573 1179
1573 1543
1573 1147
1573 1185
1574 1579
1574 852
1574 1498
1574 1515
1574 1236
1575 1663
1575 1626
1575 1775
1575 998
1575 1665
1576 1650
1576 1333
1576 949
1576 1599
1576 1189
1577 1385
1577 1283
1577 1590
1577 979
1577 1560
1578 1188
1578 1600
1578 1170
1578 1547
1578 1607
1579 1205
1579 841
1579 1236
1579 1613
1579 1201
1580 1613
1580 1269
1580 1205
1580 1210
1580 828
1581 1257
1581 1333
1581 1002
1581 1599
1581 1192
1582 1681
1582 1579
1582 1248
1582 953
1582 864
1583 1257
1583 1576
1583 1276
1583 1283
1583 892
1584 1223
1584 1520
1584 1191
1584 1572
1584 893
1585 1576
1585 1189
1585 1650
1585 1051
1585 1125
1586 1359
1586 943
1586 1659
1586 1651
1586 1609
1587 1564
1587 919
1587 1243
1587 1222
1587 1504
1588 1709
1588 1023
1588 1575
1588 1626
1588 1663
1589 1527
1589 1299
1589 1018
1589 1542
1589 1729
1590 897
1590 1577
1590 1583
1590 979
1590 1283
1591 1011
1591 1330
1591 1604
1591 1188
1591 1600
1592 1016
1592 1018
1592 1161
1592 1542
1592 1618
1593 1186
1593 1261
1593 1250
1593 1174
1593 1216
1594 458
1594 1372
1594 934
1594 1184
1594 1317
1595 1229
1595 880
1595 1688
1595 1195
1595 1230
1596 874
1596 893
1596 1156
1596 1608
1596 1303
1597 1532
1597 886
1597 1319
1597 972
1597 1144
1598 1700
1598 1333
1598 1599
1598 977
1598 1650
1599 1189
1599 1576
1599 1581
1599 1192
1599 1598
1600 1604
1600 1330
1600 1607
1600 1188
1600 852
1601 1536
1601 1245
1601 1330
1601 1666
1601 1287
1602 1005
1602 1650
1602 1563
1602 1576
1602 1572
1603 852
1603 1582
1603 1613
1603 1544
1603 1681
1604 1600
1604 852
1604 1170
1604 1803
1604 1188
1605 1291
1605 1672
1605 1208
1605 1271
1605 1674
1606 1531
1606 865
1606 835
1606 1145
1606 1688
1607 1188
1607 1011
1607 1578
1607 1547
1607 852
1608 874
1608 1596
1608 893
1608 1163
1608 1303
1609 1395
1609 1651
1609 1659
1609 1292
1609 1547
1610 1183
1610 1323
1610 1168
1610 1545
1610 1519
1611 1567
1611 915
1611 1601
1611 1666
1611 1245
1612 1186
1612 872
1612 1561
1612 1063
1612 1214
1613 1544
1613 1210
1613 828
1613 1515
1613 1236
1614 1573
1614 1522
1614 1179
1614 1194
1614 1202
1615 1606
1615 1318
1615 690
1615 1642
1615 1571
1616 23
1616 1326
1616 1045
1616 4
1616 881
1617 338
1617 1552
1617 1011
1617 1014
1617 1770
1618 1016
1618 1267
1618 1142
1618 1592
1618 1161
1619 910
1619 1525
1619 1509
1619 1519
1619 829
1620 1010
1620 1051
1620 1156
1620 891
1620 1650
1621 1349
1621 1551
1621 963
1621 907
1621 1162
1622 1663
1622 1665
1622 1085
1622 1338
1622 964
1623 868
1623 1194
1623 1495
1623 1185
1623 1179
1624 1270
1624 1607
1624 1295
1624 1285
1624 1199
1625 1245
1625 1238
1625 1280
1625 1497
1625 1666
1626 1665
1626 975
1626 1575
1626 1709
1626 1663
1627 1213
1627 844
1627 1515
1627 1260
1627 1287
1628 1613
1628 1539
1628 1155
1628 1646
1628 1302
1629 1185
1629 1509
1629 853
1629 1508
1629 1179
1630 885
1630 1315
1630 1230
1630 1195
1630 1595
1631 886
1631 1543
1631 829
1631 1204
1631 1202
1632 1156
1632 1017
1632 869
1632 1516
1632 572
1633 1241
1633 929
1633 1517
1633 1342
1633 1185
1634 866
1634 855
1634 1203
1634 1312
1634 1195
1635 1015
1635 1596
1635 1156
1635 1193
1635 1650
1636 1139
1636 1861
1636 1408
1636 1484
1636 904
1637 1536
1637 1213
1637 844
1637 1236
1637 1681
1638 1003
1638 1581
1638 1700
1638 1208
1638 1664
1639 1252
1639 1363
1639 1571
1639 1538
1639 1416
1640 932
1640 848
1640 1500
1640 898
1640 840
1641 1572
1641 1093
1641 1175
1641 1568
1641 1520
1642 690
1642 865
1642 1571
1642 1318
1642 1615
1643 897
1643 992
1643 1284
1643 1172
1643 979
1644 1570
1644 1159
1644 1646
1644 1214
1644 1513
1645 1553
1645 906
1645 1773
1645 1510
1645 1166
1646 1228
1646 1497
1646 1570
1646 828
1646 1613
1647 1333
1647 1650
1647 1015
1647 877
1647 1169
1648 1451
1648 986
1648 1434
1648 970
1648 1235
1649 1729
1649 1772
1649 1631
1649 872
1649 1204
1650 1051
1650 1572
1650 891
1650 1156
1650 1015
1651 1292
1651 1609
1651 1756
1651 938
1651 1547
1652 876
1652 841
1652 836
1652 932
1652 898
1653 1164
1653 1560
1653 83
1653 1641
1653 1572
1654 868
1654 1539
1654 1517
1654 1519
1654 1629
1655 1073
1655 1464
1655 1072
1655 1723
1655 1127
1656 998
1656 1610
1656 1677
1656 1006
1656 871
1657 1753
1657 685
1657 1371
1657 980
1657 1047
1658 1303
1658 1191
1658 905
1658 1554
1658 1017
1659 1049
1659 1331
1659 1827
1659 1609
1659 1292
1660 1539
1660 1218
1660 945
1660 1186
1660 946
1661 1559
1661 1694
1661 1162
1661 1329
1661 884
1662 1360
1662 1814
1662 967
1662 860
1662 965
1663 1575
1663 1626
1663 1665
1663 987
1663 1259
1664 1638
1664 1674
1664 1003
1664 1007
1664 1717
1665 1157
1665 1259
1665 975
1665 1575
1665 1663
1666 1324
1666 1536
1666 1497
1666 1245
1666 1601
1667 1548
1667 1135
1667 844
1667 1307
1667 1213
1668 885
1668 1222
1668 1195
1668 920
1668 866
1669 1546
1669 1508
1669 837
1669 1794
1669 951
1670 1038
1670 931
1670 1239
1670 1310
1670 1503
1671 1256
1671 1111
1671 1084
1671 1034
1671 1752
1672 1192
1672 1271
1672 877
1672 1291
1672 1605
1673 1572
1673 1105
1673 1641
1673 440
1673 1840
1674 1695
1674 1664
1674 1007
1674 1232
1674 1003
1675 1572
1675 1520
1675 1191
1675 1540
1675 1554
1676 1558
1676 839
1676 1842
1676 1491
1676 1492
1677 1509
1677 1533
1677 1508
1677 1155
1677 1302
1678 1540
1678 1554
1678 1820
1678 1675
1678 1576
1679 1738
1679 1748
1679 1092
1679 1368
1679 1713
1680 1012
1680 991
1680 1297
1680 1014
1680 1266
1681 953
1681 1146
1681 995
1681 1637
1681 1274
1682 1034
1682 899
1682 1256
1682 1308
1682 1289
1683 1717
1683 1163
1683 1556
1683 1739
1683 1010
1684 983
1684 1239
1684 1710
1684 1038
1684 1360
1685 738
1685 1112
1685 530
1685 619
1685 644
1686 1206
1686 1735
1686 1044
1686 1062
1686 935
1687 1599
1687 1300
1687 1382
1687 979
1687 1581
1688 925
1688 865
1688 1379
1688 1606
1688 1595
1689 1559
1689 1162
1689 1715
1689 1404
1689 1329
1690 1669
1690 1809
1690 1789
1690 713
1690 1419
1691 1269
1691 1627
1691 1178
1691 1368
1691 1228
1692 1023
1692 872
1692 1626
1692 923
1692 1168
1693 1382
1693 992
1693 1643
1693 1172
1693 979
1694 1329
1694 1436
1694 1559
1694 1376
1694 1162
1695 1674
1695 1344
1695 1717
1695 1172
1695 1232
1696 1795
1696 1798
1696 1779
1696 1718
1696 1749
1697 1596
1697 1608
1697 1303
1697 874
1697 1413
1698 1441
1698 1748
1698 1062
1698 1686
1698 1778
1699 1191
1699 1576
1699 1563
1699 1554
1699 1540
1700 1189
1700 1598
1700 1234
1700 1576
1700 1208
1701 594
1701 563
1701 1345
1701 545
1701 1764
1702 1203
1702 1045
1702 866
1702 1229
1702 1195
1703 1195
1703 1258
1703 880
1703 1229
1703 1315
1704 598
1704 851
1704 686
1704 86
1704 1148
1705 648
1705 1760
1705 1756
1705 1251
1705 1733
1706 1116
1706 1102
1706 1824
1706 1368
1706 1748
1707 1225
1707 1594
1707 1014
1707 1415
1707 1322
1708 1413
1708 1675
1708 893
1708 1608
1708 1303
1709 1023
1709 1259
1709 1663
1709 987
1709 1626
1710 967
1710 860
1710 1038
1710 1684
1710 1360
1711 1251
1711 1659
1711 146
1711 1803
1711 900
1712 1617
1712 1607
1712 1296
1712 1355
1712 338
1713 301
1713 1335
1713 396
1713 1738
1713 1758
1714 1786
1714 1730
1714 1804
1714 1795
1714 1732
1715 328
1715 61
1715 53
1715 1404
1715 49
1716 934
1716 1014
1716 1617
1716 991
1716 882
1717 1683
1717 1172
1717 1344
1717 1695
1717 1664
1718 1714
1718 1795
1718 1804
1718 1696
1718 1798
1719 1013
1719 585
1719 839
1719 1557
1719 951
1720 1522
1720 373
1720 1013
1720 1614
1720 980
1721 1311
1721 1338
1721 1283
1721 1817
1721 1725
1722 1073
1722 1281
1722 1026
1722 1029
1722 1072
1723 1281
1723 1124
1723 1127
1723 1655
1723 1464
1724 1014
1724 1225
1724 1012
1724 1707
1724 1712
1725 1665
1725 1301
1725 1663
1725 1817
1725 1721
1726 1773
1726 1344
1726 1396
1726 1398
1726 1254
1727 1805
1727 1115
1727 652
1727 390
1727 1837
1728 1003
1728 913
1728 1104
1728 1347
1728 1382
1729 1589
1729 870
1729 1557
1729 951
1729 837
1730 1798
1730 1714
1730 1795
1730 1859
1730 1786
1731 1265
1731 1835
1731 1769
1731 1785
1731 1829
1732 1754
1732 1795
1732 1804
1732 1714
1732 1798
1733 1756
1733 1251
1733 648
1733 512
1733 1705
1734 998
1734 1575
1734 964
1734 1301
1734 1775
1735 935
1735 1044
1735 1178
1735 1513
1735 1305
1736 659
1736 1679
1736 394
1736 687
1736 329
1737 1134
1737 1368
1737 1818
1737 1074
1737 1767
1738 1547
1738 1137
1738 890
1738 1758
1738 1713
1739 1540
1739 1191
1739 1010
1739 1556
1739 905
1740 1648
1740 1235
1740 1695
1740 1384
1740 1739
1741 1418
1741 1289
1741 1327
1741 1380
1741 1084
1742 1784
1742 1846
1742 1852
1742 1816
1742 1854
1743 1807
1743 1435
1743 1450
1743 1774
1743 1412
1744 59
1744 1100
1744 1864
1744 1457
1744 1409
1745 1195
1745 571
1745 1326
1745 2
1745 23
1746 1078
1746 1179
1746 1006
1746 1525
1746 1352
1747 1742
1747 1816
1747 1852
1747 1854
1747 1751
1748 1827
1748 827
1748 1395
1748 1705
1748 1407
1749 1798
1749 1718
1749 1779
1749 1410
1749 1696
1750 1872
1750 1838
1750 1813
1750 1776
1750 1788
1751 1742
1751 1846
1751 1747
1751 1816
1751 1852
1752 1830
1752 1034
1752 1256
1752 1815
1752 1289
1753 51
1753 129
1753 1657
1753 1013
1753 980
1754 1732
1754 1714
1754 1804
1754 1795
1754 1798
1755 961
1755 1063
1755 1151
1755 1612
1755 1561
1756 1039
1756 1651
1756 1733
1756 1395
1756 1705
1757 1368
1757 1092
1757 1789
1757 1456
1757 1351
1758 890
1758 1738
1758 1713
1758 1335
1758 301
1759 1643
1759 1068
1759 1344
1759 1025
1759 1172
1760 1092
1760 1748
1760 1733
1760 648
1760 1705
1761 1305
1761 1063
1761 1546
1761 1533
1761 1508
1762 1658
1762 877
1762 1556
1762 905
1762 1169
1763 630
1763 600
1763 962
1763 283
1763 292
1764 1506
1764 594
1764 783
1764 221
1764 545
1765 1852
1765 1857
1765 1790
1765 1836
1765 1865
1766 1301
1766 1168
1766 1328
1766 1626
1766 1537
1767 1835
1767 1818
1767 1829
1767 1840
1767 1785
1768 744
1768 397
1768 1808
1768 135
1768 775
1769 1560
1769 1785
1769 1829
1769 1731
1769 1835
1770 1011
1770 1552
1770 1793
1770 1014
1770 1617
1771 1615
1771 1642
1771 1080
1771 611
1771 1383
1772 1245
1772 872
1772 1424
1772 1649
1772 1631
1773 1303
1773 1510
1773 1645
1773 906
1773 1553
1774 1061
1774 1435
1774 950
1774 1288
1774 1412
1775 1537
1775 1304
1775 964
1775 1734
1775 1575
1776 1865
1776 1838
1776 1788
1776 1750
1776 1813
1777 1778
1777 1781
1777 980
1777 1698
1777 1351
1778 1535
1778 1062
1778 74
1778 1277
1778 1533
1779 1844
1779 1795
1779 1749
1779 1718
1779 1696
1780 1695
1780 1683
1780 1717
1780 1237
1780 1556
1781 1078
1781 1298
1781 1777
1781 1757
1781 1867
1782 1730
1782 1844
1782 1795
1782 1714
1782 1859
1783 1343
1783 1069
1783 1648
1783 970
1783 1235
1784 1751
1784 1816
1784 1852
1784 1742
1784 1846
1785 1835
1785 1767
1785 1731
1785 1829
1785 1769
1786 1754
1786 1798
1786 1714
1786 1730
1786 1795
1787 1034
1787 1067
1787 1752
1787 1289
1787 1380
1788 1874
1788 1824
1788 1838
1788 1792
1788 1750
1789 1062
1789 149
1789 1409
1789 198
1789 1456
1790 1865
1790 1853
1790 1832
1790 1765
1790 1836
1791 1244
1791 1368
1791 1811
1791 1738
1791 1096
1792 1852
1792 1854
1792 1747
1792 1742
1792 1816
1793 964
1793 1617
1793 1170
1793 1097
1793 1770
1794 1570
1794 837
1794 1669
1794 1467
1794 1527
1795 1786
1795 1730
1795 1754
1795 1798
1795 1714
1796 1387
1796 1203
1796 1211
1796 1024
1796 1634
1797 194
1797 1863
1797 1115
1797 1884
1797 1805
1798 1804
1798 1714
1798 1732
1798 1795
1798 1754
1799 1513
1799 828
1799 995
1799 1368
1799 1059
1800 1073
1800 1124
1800 1127
1800 1281
1800 1723
1801 1307
1801 1871
1801 1394
1801 1834
1801 1368
1802 852
1802 1213
1802 936
1802 1170
1802 1022
1803 1108
1803 1600
1803 1604
1803 1591
1803 1188
1804 1798
1804 1795
1804 1732
1804 1754
1804 1714
1805 1727
1805 652
1805 1115
1805 1884
1805 390
1806 1741
1806 1425
1806 1091
1806 1380
1806 1084
1807 668
1807 1435
1807 1392
1807 1450
1807 1061
1808 1878
1808 1482
1808 880
1808 135
1808 1831
1809 1546
1809 1179
1809 1669
1809 758
1809 1419
1810 646
1810 1041
1810 1443
1810 333
1810 767
1811 1865
1811 1394
1811 1834
1811 1368
1811 1832
1812 1634
1812 1258
1812 1312
1812 1306
1812 1195
1813 1788
1813 1776
1813 1824
1813 1838
1813 1750
1814 1710
1814 1360
1814 1662
1814 860
1814 967
1815 1256
1815 1067
1815 1380
1815 1034
1815 1752
1816 1852
1816 1742
1816 1747
1816 1751
1816 1854
1817 1511
1817 1721
1817 1234
1817 892
1817 1283
1818 1739
1818 1284
1818 979
1818 1693
1818 1401
1819 1464
1819 1281
1819 1444
1819 1127
1819 1053
1820 1650
1820 1163
1820 1678
1820 1125
1820 1620
1821 1870
1821 1880
1821 1869
1821 1848
1821 1885
1822 1151
1822 901
1822 1165
1822 1186
1822 1063
1823 1508
1823 1063
1823 1794
1823 1348
1823 1305
1824 1872
1824 1100
1824 1838
1824 1855
1824 1788
1825 1864
1825 1790
1825 917
1825 1799
1825 1882
1826 306
1826 1559
1826 1162
1826 1376
1826 1088
1827 1292
1827 1748
1827 1296
1827 1547
1827 1659
1828 1440
1828 1410
1828 275
1828 1095
1828 1141
1829 1446
1829 1785
1829 1769
1829 1731
1829 1835
1830 1256
1830 1380
1830 1091
1830 1289
1830 1752
1831 1808
1831 880
1831 1229
1831 920
1831 1176
1832 1834
1832 1368
1832 1790
1832 1394
1832 1811
1833 1409
1833 1832
1833 1102
1833 1737
1833 1134
1834 1811
1834 1871
1834 1569
1834 1801
1834 1368
1835 1785
1835 1572
1835 1829
1835 1105
1835 1769
1836 1021
1836 1832
1836 1765
1836 1100
1836 1790
1837 390
1837 1884
1837 1849
1837 1115
1837 1727
1838 1776
1838 1750
1838 1813
1838 1824
1838 1788
1839 1510
1839 1166
1839 986
1839 1316
1839 1645
1840 1767
1840 1090
1840 1673
1840 1653
1840 1398
1841 1049
1841 1733
1841 1659
1841 1414
1841 1756
1842 1557
1842 1492
1842 1429
1842 839
1842 1676
1843 1714
1843 1354
1843 311
1843 1490
1843 1435
1844 1786
1844 1795
1844 1730
1844 1714
1844 1859
1845 1171
1845 1449
1845 1222
1845 1473
1845 1312
1846 1747
1846 1751
1846 1742
1846 1784
1846 1852
1847 1580
1847 1032
1847 461
1847 1409
1847 1651
1848 1869
1848 1885
1848 1870
1848 1880
1848 1821
1849 1805
1849 1727
1849 390
1849 1884
1849 1837
1850 1826
1850 796
1850 1376
1850 1883
1850 1088
1851 1784
1851 1751
1851 1742
1851 1854
1851 1852
1852 1854
1852 1747
1852 1846
1852 1751
1852 1742
1853 1832
1853 1875
1853 1790
1853 1836
1853 1765
1854 1851
1854 1852
1854 1747
1854 1742
1854 1816
1855 1872
1855 1874
1855 1750
1855 1824
1855 1788
1856 1126
1856 1107
1856 1308
1856 1425
1856 1380
1857 1836
1857 1865
1857 1811
1857 1832
1857 1765
1858 264
1858 817
1858 1466
1858 1861
1858 1439
1859 1782
1859 1786
1859 1714
1859 1730
1859 1844
1860 648
1860 396
1860 1865
1860 1811
1860 1765
1861 1466
1861 817
1861 1484
1861 1636
1861 904
1862 695
1862 68
1862 1425
1862 1308
1862 1126
1863 1115
1863 1797
1863 1805
1863 1884
1863 488
1864 1277
1864 1044
1864 1570
1864 1368
1864 1305
1865 1834
1865 1790
1865 1832
1865 1811
1865 1765
1866 1631
1866 1194
1866 223
1866 1179
1866 1202
1867 1368
1867 1864
1867 1121
1867 1044
1867 1134
1868 1449
1868 1312
1868 1132
1868 1845
1868 861
1869 1848
1869 1885
1869 1880
1869 1870
1869 1821
1870 1848
1870 1821
1870 1869
1870 1880
1870 1885
1871 1604
1871 1135
1871 1834
1871 1801
1871 1170
1872 1855
1872 1874
1872 1824
1872 1750
1872 1788
1873 1041
1873 1443
1873 333
1873 767
1873 1810
1874 1824
1874 1788
1874 1872
1874 1750
1874 1855
1875 1836
1875 1170
1875 1790
1875 1260
1875 1097
1876 1523
1876 912
1876 1812
1876 381
1876 1564
1877 1538
1877 1595
1877 1630
1877 1195
1877 885
1878 1808
1878 690
1878 1571
1878 1037
1878 1831
1879 1782
1879 1795
1879 1095
1879 1754
1879 1786
1880 1848
1880 1870
1880 1869
1880 1821
1880 1885
1881 1116
1881 301
1881 1096
1881 1368
1881 890
1882 1790
1882 1874
1882 1825
1882 1865
1882 1118
1883 796
1883 1376
1883 1826
1883 1850
1883 1088
1884 390
1884 652
1884 1115
1884 1797
1884 1805
1885 1848
1885 1869
1885 1880
1885 1870
1885 1821
