0 5
0 12
0 4
0 7
0 79
1 82
1 4
1 0
1 10
1 12
2 13
2 7
2 8
2 4
2 5
3 12
3 7
3 4
3 6
3 0
4 90
4 82
4 79
4 5
4 13
5 0
5 8
5 81
5 2
5 4
6 83
6 82
6 4
6 0
6 7
7 12
7 4
7 3
7 6
7 0
8 35
8 4
8 18
8 5
8 13
9 90
9 10
9 0
9 4
9 12
10 4
10 67
10 12
10 68
10 1
11 8
11 12
11 1
11 2
11 10
12 7
12 9
12 4
12 1
12 0
13 68
13 81
13 4
13 8
13 69
14 36
14 22
14 35
14 18
14 21
15 26
15 27
15 40
15 38
15 19
16 42
16 40
16 36
16 39
16 49
17 107
17 108
17 106
17 102
17 105
18 19
18 14
18 22
18 21
18 35
19 35
19 14
19 22
19 18
19 21
20 69
20 19
20 14
20 22
20 21
21 19
21 35
21 18
21 14
21 22
22 14
22 69
22 18
22 35
22 21
23 22
23 18
23 48
23 36
23 42
24 25
24 69
24 20
24 70
24 14
25 5
25 29
25 65
25 69
25 35
26 27
26 35
26 36
26 14
26 40
27 48
27 43
27 46
27 35
27 36
28 22
28 69
28 8
28 37
28 29
29 21
29 69
29 35
29 37
29 22
30 37
30 70
30 67
30 69
30 65
31 18
31 48
31 35
31 42
31 36
32 81
32 36
32 34
32 38
32 27
33 21
33 14
33 29
33 35
33 37
34 47
34 46
34 36
34 48
34 35
35 69
35 22
35 21
35 18
35 36
36 41
36 48
36 26
36 40
36 35
37 70
37 69
37 35
37 29
37 65
38 46
38 36
38 40
38 41
38 47
39 36
39 48
39 49
39 42
39 16
40 26
40 47
40 42
40 36
40 41
41 36
41 46
41 47
41 48
41 40
42 47
42 41
42 36
42 40
42 48
43 22
43 35
43 46
43 44
43 48
44 36
44 48
44 43
44 47
44 46
45 42
45 36
45 38
45 41
45 40
46 44
46 47
46 41
46 43
46 48
47 44
47 43
47 46
47 41
47 48
48 36
48 43
48 46
48 47
48 41
49 35
49 39
49 48
49 27
49 36
50 56
50 62
50 55
50 57
50 52
51 55
51 56
51 52
51 61
51 62
52 57
52 56
52 62
52 63
52 61
53 57
53 58
53 55
53 59
53 56
54 61
54 59
54 53
54 55
54 56
55 53
55 61
55 57
55 59
55 56
56 58
56 53
56 59
56 55
56 57
57 61
57 58
57 55
57 56
57 59
58 53
58 59
58 56
58 55
58 57
59 62
59 55
59 58
59 56
59 57
60 59
60 52
60 62
60 61
60 63
61 57
61 63
61 55
61 56
61 62
62 63
62 59
62 55
62 56
62 61
63 55
63 61
63 62
63 52
63 60
64 70
64 66
64 68
64 65
64 69
65 30
65 68
65 67
65 69
65 70
66 67
66 70
66 64
66 65
66 68
67 22
67 68
67 65
67 70
67 69
68 64
68 65
68 67
68 70
68 69
69 35
69 68
69 67
69 65
69 70
70 66
70 68
70 67
70 69
70 65
71 84
71 68
71 74
71 72
71 78
72 77
72 73
72 76
72 74
72 71
73 78
73 71
73 72
73 74
73 76
74 76
74 71
74 78
74 72
74 73
75 71
75 80
75 74
75 77
75 72
76 78
76 73
76 71
76 74
76 72
77 73
77 72
77 74
77 71
77 75
78 69
78 71
78 68
78 79
78 81
79 90
79 0
79 4
79 78
79 81
80 90
80 4
80 83
80 84
80 82
81 5
81 90
81 69
81 79
81 13
82 68
82 80
82 4
82 84
82 83
83 90
83 80
83 82
83 68
83 84
84 90
84 82
84 4
84 83
84 80
85 68
85 88
85 83
85 86
85 89
86 83
86 89
86 85
86 80
86 90
87 27
87 26
87 41
87 40
87 42
88 83
88 91
88 89
88 86
88 85
89 91
89 68
89 90
89 86
89 85
90 86
90 4
90 81
90 68
90 79
91 70
91 83
91 67
91 69
91 65
92 93
92 98
92 94
92 99
92 95
93 98
93 95
93 92
93 99
93 94
94 100
94 92
94 98
94 99
94 95
95 93
95 98
95 99
95 94
95 92
96 99
96 94
96 95
96 98
96 97
97 95
97 98
97 99
97 92
97 96
98 100
98 92
98 99
98 95
98 94
99 93
99 95
99 98
99 92
99 94
100 95
100 92
100 99
100 94
100 98
101 108
101 104
101 103
101 107
101 106
102 107
102 106
102 101
102 105
102 108
103 101
103 107
103 104
103 106
103 108
104 108
104 106
104 107
104 103
104 101
105 101
105 107
105 106
105 108
105 102
106 101
106 103
106 105
106 108
106 107
107 105
107 101
107 108
107 103
107 106
108 102
108 103
108 107
108 105
108 106
109 119
109 229
109 116
109 118
109 122
110 124
110 120
110 122
110 234
110 145
111 150
111 118
111 127
111 145
111 116
112 211
112 124
112 120
112 150
112 119
113 117
113 130
113 133
113 135
113 114
114 142
114 231
114 135
114 174
114 113
115 134
115 117
115 130
115 135
115 133
116 150
116 124
116 119
116 122
116 118
117 115
117 143
117 135
117 140
117 149
118 150
118 122
118 116
118 124
118 119
119 242
119 240
119 124
119 116
119 118
120 151
120 124
120 150
120 127
120 145
121 132
121 150
121 124
121 118
121 116
122 229
122 116
122 109
122 118
122 119
123 151
123 145
123 128
123 116
123 127
124 120
124 119
124 118
124 132
124 150
125 134
125 138
125 143
125 130
125 137
126 141
126 151
126 145
126 136
126 127
127 210
127 120
127 151
127 145
127 141
128 120
128 127
128 145
128 141
128 151
129 130
129 137
129 132
129 135
129 134
130 133
130 135
130 115
130 134
130 138
131 115
131 135
131 130
131 132
131 129
132 129
132 134
132 124
132 149
132 150
133 142
133 130
133 115
133 134
133 135
134 140
134 130
134 129
134 133
134 135
135 140
135 115
135 134
135 130
135 133
136 147
136 210
136 141
136 145
136 234
137 134
137 135
137 115
137 130
137 129
138 133
138 140
138 149
138 135
138 130
139 127
139 120
139 145
139 151
139 141
140 134
140 143
140 135
140 117
140 149
141 120
141 210
141 145
141 127
141 151
142 134
142 140
142 135
142 144
142 133
143 130
143 115
143 117
143 149
143 140
144 140
144 115
144 133
144 135
144 142
145 150
145 141
145 127
145 151
145 120
146 141
146 151
146 120
146 145
146 150
147 151
147 150
147 145
147 141
147 116
148 147
148 127
148 141
148 151
148 145
149 134
149 135
149 143
149 117
149 140
150 116
150 132
150 118
150 120
150 124
151 120
151 210
151 145
151 127
151 141
152 157
152 153
152 154
152 160
152 161
153 157
153 154
153 160
153 161
153 152
154 156
154 157
154 152
154 155
154 161
155 161
155 156
155 157
155 154
155 152
156 158
156 152
156 154
156 155
156 157
157 160
157 161
157 152
157 156
157 154
158 154
158 152
158 155
158 159
158 156
159 196
159 202
159 201
159 158
159 192
160 153
160 157
160 154
160 161
160 152
161 155
161 157
161 152
161 160
161 154
162 167
162 188
162 178
162 168
162 180
163 188
163 132
163 124
163 172
163 162
164 167
164 187
164 179
164 166
164 173
165 190
165 187
165 189
165 169
165 173
166 187
166 165
166 179
166 167
166 173
167 261
167 191
167 179
167 180
167 168
168 261
168 167
168 180
168 162
168 179
169 189
169 190
169 165
169 173
169 187
170 171
170 180
170 262
170 167
170 166
171 167
171 173
171 164
171 166
171 170
172 142
172 207
172 114
172 174
172 238
173 191
173 169
173 190
173 179
173 187
174 133
174 113
174 114
174 172
174 142
175 180
175 173
175 168
175 179
175 167
176 137
176 162
176 144
176 117
176 143
177 187
177 186
177 179
177 190
177 191
178 179
178 177
178 183
178 191
178 182
179 177
179 173
179 191
179 190
179 180
180 190
180 191
180 168
180 167
180 179
181 163
181 184
181 188
181 162
181 178
182 177
182 186
182 183
182 178
182 191
183 184
183 178
183 191
183 182
183 177
184 162
184 191
184 178
184 182
184 183
185 189
185 150
185 188
185 178
185 183
186 183
186 191
186 190
186 189
186 177
187 191
187 179
187 189
187 173
187 190
188 184
188 180
188 183
188 178
188 162
189 169
189 177
189 187
189 186
189 190
190 189
190 179
190 187
190 177
190 191
191 178
191 183
191 179
191 190
191 177
192 200
192 201
192 193
192 196
192 197
193 203
193 201
193 196
193 200
193 197
194 201
194 200
194 193
194 202
194 195
195 201
195 200
195 202
195 193
195 194
196 201
196 197
196 203
196 192
196 193
197 200
197 203
197 192
197 193
197 196
198 200
198 201
198 202
198 199
198 203
199 202
199 200
199 203
199 201
199 198
200 193
200 198
200 203
200 202
200 201
201 193
201 198
201 203
201 200
201 202
202 199
202 198
202 203
202 200
202 201
203 199
203 198
203 200
203 201
203 202
204 113
204 142
204 144
204 212
204 174
205 259
205 255
205 261
205 209
205 210
206 259
206 261
206 205
206 211
206 210
207 225
207 208
207 219
207 238
207 212
208 236
208 212
208 241
208 231
208 207
209 261
209 259
209 205
209 210
209 234
210 234
210 255
210 205
210 209
210 261
211 240
211 124
211 120
211 206
211 150
212 237
212 208
212 219
212 207
212 238
213 256
213 170
213 206
213 259
213 258
214 235
214 212
214 207
214 227
214 238
215 225
215 124
215 241
215 207
215 132
216 219
216 212
216 225
216 238
216 207
217 151
217 205
217 247
217 258
217 127
218 207
218 134
218 135
218 219
218 133
219 225
219 218
219 212
219 238
219 207
220 150
220 116
220 206
220 258
220 111
221 236
221 206
221 240
221 132
221 215
222 225
222 238
222 212
222 208
222 207
223 219
223 216
223 207
223 221
223 224
224 172
224 225
224 219
224 238
224 207
225 130
225 216
225 207
225 219
225 149
226 231
226 241
226 236
226 239
226 242
227 207
227 241
227 230
227 231
227 238
228 118
228 262
228 116
228 122
228 229
229 242
229 122
229 209
229 210
229 205
230 207
230 241
230 238
230 231
230 227
231 230
231 208
231 236
231 241
231 227
232 219
232 231
232 227
232 238
232 245
233 208
233 227
233 231
233 238
233 230
234 206
234 127
234 209
234 205
234 210
235 231
235 212
235 219
235 238
235 207
236 124
236 242
236 240
236 241
236 231
237 208
237 207
237 212
237 238
237 219
238 172
238 212
238 207
238 219
238 227
239 240
239 231
239 241
239 236
239 226
240 236
240 118
240 124
240 241
240 242
241 239
241 242
241 236
241 231
241 240
242 116
242 241
242 240
242 118
242 119
243 242
243 118
243 116
243 119
243 240
244 241
244 238
244 214
244 231
244 227
245 207
245 227
245 238
245 241
245 231
246 209
246 256
246 262
246 259
246 258
247 256
247 209
247 205
247 259
247 262
248 231
248 250
248 240
248 124
248 241
249 209
249 255
249 205
249 256
249 259
250 208
250 207
250 241
250 248
250 231
251 259
251 258
251 257
251 262
251 256
252 236
252 163
252 188
252 248
252 241
253 219
253 207
253 214
253 212
253 227
254 209
254 256
254 261
254 255
254 259
255 261
255 259
255 205
255 257
255 210
256 209
256 259
256 205
256 255
256 258
257 259
257 261
257 210
257 255
257 205
258 210
258 255
258 257
258 205
258 259
259 210
259 209
259 255
259 258
259 205
260 205
260 261
260 262
260 258
260 259
261 255
261 167
261 262
261 210
261 205
262 258
262 260
262 259
262 205
262 261
263 256
263 262
263 259
263 258
263 260
264 107
264 103
264 267
264 265
264 266
265 107
265 103
265 264
265 266
265 267
266 104
266 103
266 264
266 265
266 267
267 104
267 103
267 264
267 265
267 266
