0 3
0 5
0 4
0 2
0 1
1 3
1 5
1 4
1 2
1 0
2 5
2 1
2 4
2 3
2 0
3 1
3 5
3 4
3 2
3 0
4 1
4 3
4 2
4 5
4 0
5 3
5 1
5 4
5 2
5 0
6 23
6 21
6 8
6 9
6 7
7 23
7 21
7 8
7 9
7 6
8 22
8 21
8 9
8 6
8 7
9 22
9 8
9 21
9 7
9 6
10 8
10 15
10 11
10 14
10 12
11 19
11 21
11 14
11 10
11 12
12 13
12 15
12 14
12 22
12 10
13 21
13 15
13 11
13 12
13 10
14 23
14 22
14 12
14 15
14 16
15 23
15 22
15 16
15 12
15 14
16 12
16 15
16 24
16 22
16 14
17 11
17 10
17 16
17 15
17 14
18 40
18 20
18 25
18 21
18 19
19 40
19 20
19 18
19 25
19 21
20 40
20 18
20 6
20 19
20 21
21 19
21 40
21 7
21 6
21 20
22 14
22 12
22 16
22 23
22 24
23 15
23 21
23 7
23 22
23 6
24 12
24 23
24 25
24 22
24 16
25 18
25 23
25 24
25 19
25 40
26 28
26 41
26 19
26 25
26 27
27 28
27 34
27 36
27 26
27 41
28 32
28 26
28 25
28 30
28 29
29 32
29 38
29 25
29 26
29 28
30 24
30 31
30 16
30 39
30 32
31 39
31 24
31 32
31 16
31 30
32 40
32 33
32 17
32 30
32 31
33 31
33 36
33 25
33 30
33 32
34 41
34 43
34 37
34 36
34 35
35 43
35 37
35 41
35 34
35 36
36 18
36 41
36 37
36 35
36 34
37 25
37 40
37 36
37 19
37 35
38 21
38 25
38 39
38 40
38 41
39 23
39 38
39 24
39 22
39 40
40 6
40 7
40 39
40 25
40 21
41 18
41 38
41 25
41 36
41 40
42 45
42 35
42 34
42 41
42 43
43 26
43 41
43 42
43 34
43 35
44 38
44 28
44 30
44 25
44 45
45 30
45 40
45 25
45 28
45 44
46 58
46 56
46 61
46 60
46 50
47 49
47 46
47 55
47 56
47 48
48 46
48 47
48 56
48 52
48 49
49 50
49 48
49 54
49 59
49 52
50 58
50 60
50 46
50 59
50 51
51 60
51 58
51 46
51 59
51 50
52 47
52 50
52 48
52 53
52 49
53 57
53 58
53 49
53 48
53 52
54 58
54 60
54 57
54 59
54 61
55 61
55 48
55 47
55 60
55 56
56 55
56 46
56 57
56 60
56 61
57 54
57 56
57 58
57 60
57 61
58 46
58 54
58 60
58 57
58 61
59 60
59 61
59 57
59 54
59 50
60 46
60 56
60 57
60 58
60 61
61 54
61 56
61 58
61 60
61 57
62 12
62 66
62 9
62 64
62 77
63 71
63 67
63 66
63 65
63 64
64 48
64 63
64 67
64 66
64 65
65 71
65 63
65 67
65 66
65 64
66 71
66 67
66 64
66 65
66 63
67 71
67 63
67 64
67 65
67 66
68 65
68 71
68 66
68 70
68 69
69 71
69 65
69 68
69 66
69 70
70 64
70 65
70 66
70 68
70 69
71 63
71 68
71 65
71 66
71 72
72 62
72 65
72 67
72 66
72 71
73 121
73 111
73 113
73 62
73 110
74 77
74 83
74 88
74 78
74 76
75 79
75 87
75 89
75 81
75 83
76 84
76 77
76 74
76 78
76 88
77 89
77 83
77 81
77 87
77 85
78 77
78 88
78 74
78 84
78 76
79 77
79 81
79 89
79 83
79 87
80 88
80 74
80 76
80 84
80 78
81 89
81 77
81 85
81 87
81 83
82 88
82 76
82 74
82 80
82 84
83 89
83 81
83 77
83 85
83 87
84 80
84 78
84 76
84 74
84 88
85 89
85 87
85 81
85 77
85 83
86 88
86 76
86 74
86 80
86 78
87 89
87 77
87 83
87 85
87 81
88 85
88 84
88 74
88 78
88 76
89 77
89 85
89 83
89 81
89 87
90 96
90 95
90 99
90 98
90 91
91 99
91 96
91 90
91 98
91 95
92 94
92 97
92 98
92 93
92 99
93 94
93 98
93 92
93 97
93 99
94 92
94 97
94 99
94 96
94 95
95 90
95 99
95 97
95 96
95 94
96 98
96 95
96 94
96 99
96 97
97 98
97 95
97 92
97 99
97 96
98 96
98 90
98 92
98 97
98 99
99 94
99 96
99 92
99 97
99 98
100 106
100 109
100 107
100 122
100 123
101 118
101 105
101 120
101 121
101 102
102 119
102 121
102 104
102 103
102 101
103 119
103 101
103 111
103 104
103 102
104 120
104 119
104 121
104 103
104 102
105 122
105 101
105 120
105 121
105 106
106 107
106 121
106 101
106 105
106 122
107 122
107 105
107 106
107 100
107 123
108 113
108 122
108 117
108 109
108 110
109 100
109 113
109 108
109 122
109 110
110 112
110 109
110 121
110 113
110 111
111 102
111 113
111 104
111 112
111 110
112 121
112 104
112 110
112 111
112 113
113 105
113 110
113 114
113 121
113 112
114 110
114 105
114 115
114 112
114 113
115 123
115 100
115 114
115 113
115 109
116 122
116 107
116 123
116 117
116 100
117 105
117 120
117 121
117 122
117 118
118 120
118 101
118 119
118 121
118 117
119 102
119 101
119 104
119 121
119 118
120 118
120 122
120 101
120 121
120 105
121 118
121 105
121 101
121 122
121 120
122 101
122 106
122 120
122 121
122 105
123 106
123 107
123 100
123 117
123 122
